indiv_techin_ts_code,indiv_techin_trade_date,indiv_techin_open,indiv_techin_high,indiv_techin_low,indiv_techin_close,indiv_techin_pre_close,indiv_techin_change,indiv_techin_pct_change,indiv_techin_vol,indiv_techin_amount,indiv_techin_asi_bfq,indiv_techin_asit_bfq,indiv_techin_atr_bfq,indiv_techin_bbi_bfq,indiv_techin_bias1_bfq,indiv_techin_bias2_bfq,indiv_techin_bias3_bfq,indiv_techin_boll_lower_bfq,indiv_techin_boll_mid_bfq,indiv_techin_boll_upper_bfq,indiv_techin_brar_ar_bfq,indiv_techin_brar_br_bfq,indiv_techin_cci_bfq,indiv_techin_cr_bfq,indiv_techin_dfma_dif_bfq,indiv_techin_dfma_difma_bfq,indiv_techin_dmi_adx_bfq,indiv_techin_dmi_adxr_bfq,indiv_techin_dmi_mdi_bfq,indiv_techin_dmi_pdi_bfq,indiv_techin_downdays,indiv_techin_updays,indiv_techin_dpo_bfq,indiv_techin_madpo_bfq,indiv_techin_ema_bfq_10,indiv_techin_ema_bfq_20,indiv_techin_ema_bfq_250,indiv_techin_ema_bfq_30,indiv_techin_ema_bfq_5,indiv_techin_ema_bfq_60,indiv_techin_ema_bfq_90,indiv_techin_emv_bfq,indiv_techin_maemv_bfq,indiv_techin_expma_12_bfq,indiv_techin_expma_50_bfq,indiv_techin_kdj_bfq,indiv_techin_kdj_d_bfq,indiv_techin_kdj_k_bfq,indiv_techin_ktn_down_bfq,indiv_techin_ktn_mid_bfq,indiv_techin_ktn_upper_bfq,indiv_techin_lowdays,indiv_techin_topdays,indiv_techin_ma_bfq_10,indiv_techin_ma_bfq_20,indiv_techin_ma_bfq_250,indiv_techin_ma_bfq_30,indiv_techin_ma_bfq_5,indiv_techin_ma_bfq_60,indiv_techin_ma_bfq_90,indiv_techin_macd_bfq,indiv_techin_macd_dea_bfq,indiv_techin_macd_dif_bfq,indiv_techin_mass_bfq,indiv_techin_ma_mass_bfq,indiv_techin_mfi_bfq,indiv_techin_mtm_bfq,indiv_techin_mtmma_bfq,indiv_techin_obv_bfq,indiv_techin_psy_bfq,indiv_techin_psyma_bfq,indiv_techin_roc_bfq,indiv_techin_maroc_bfq,indiv_techin_rsi_bfq_12,indiv_techin_rsi_bfq_24,indiv_techin_rsi_bfq_6,indiv_techin_taq_down_bfq,indiv_techin_taq_mid_bfq,indiv_techin_taq_up_bfq,indiv_techin_trix_bfq,indiv_techin_trma_bfq,indiv_techin_vr_bfq,indiv_techin_wr_bfq,indiv_techin_wr1_bfq,indiv_techin_xsii_td1_bfq,indiv_techin_xsii_td2_bfq,indiv_techin_xsii_td3_bfq,indiv_techin_xsii_td4_bfq
000905.SH,20251023,7108.8545,7153.6555,7022.2945,7142.9536,7128.4776,14.476,0.2031,188933732.0,286304409.86,2385.79755,886.82449,152.12703,7195.73173,0.195,-1.476,-1.345,7000.655,7251.59,7502.526,108.49912,86.44777,-95.53152,74.90438,210.06669,383.28647,19.46127,20.38683,30.72694,16.14908,0.0,1.0,-22.96167,18.55025,7184.82129,7184.77199,6158.69858,7127.79305,7149.55326,6891.97514,6693.1866,-0.5558,-0.28729,7192.24307,6969.82087,20.15693,29.52781,26.40419,6845.86328,7179.65166,7513.44004,0.0,1.0,7203.79361,7251.59025,6074.51947,7178.54138,7108.5525,6877.26106,6555.45039,-92.046,83.851,37.828,25.08799,25.25729,37.06674,-207.6063,-148.00835,4645712.10551,50.0,50.0,-2.82436,-2.02856,48.501,54.047,44.494,7009.8906,7284.4913,7559.092,0.09274,0.28922,126.62194,73.346,55.055,7253.92047,6969.453,7341.15536,6380.63036
000905.SH,20251022,7135.2084,7166.5571,7101.8265,7128.4776,7185.624,-57.1464,-0.7953,169743254.0,286200266.69,1855.54545,914.23304,150.84531,7201.70467,-0.36,-1.909,-1.533,7011.506,7257.444,7503.382,109.6147,85.98259,-95.93444,85.22083,266.37513,411.02304,14.29804,20.88435,27.88339,19.14024,1.0,0.0,-3.41462,63.38898,7194.12522,7189.17393,6150.79291,7126.7475,7152.85309,6883.46739,6683.07947,-0.44271,-0.20315,7201.20479,6962.75423,12.19884,31.08963,24.7927,6850.51187,7187.37277,7524.23367,1.0,0.0,7244.39051,7257.44433,6068.38026,7169.39165,7126.2685,6861.49113,6540.45031,-98.968,95.356,45.873,25.08484,25.33597,43.99574,-112.4338,-92.79853,4626818.73231,50.0,51.389,-1.55276,-1.27042,47.771,53.698,42.849,7009.8906,7284.4913,7559.092,0.12291,0.3023,110.465,78.407,59.944,7280.1141,6994.61942,7335.38153,6375.61199
000905.SH,20251021,7095.6159,7193.73,7082.2995,7185.624,7069.6412,115.9828,1.6406,205973829.0,344991294.99,2605.11777,791.5687,152.40531,7198.22641,0.284,-1.25,-0.632,7019.732,7260.57,7501.408,111.95747,93.18271,-96.06742,86.69231,311.26904,432.94421,12.55006,22.27527,26.50071,21.63298,0.0,2.0,76.26574,90.25019,7208.71358,7195.56301,6142.94002,7126.62818,7165.04083,6875.16196,6673.07052,-0.32217,-0.11597,7214.42792,6955.99001,7.45966,34.23809,25.31195,6857.5757,7193.17126,7528.76682,0.0,2.0,7272.77959,7260.57009,6061.74961,7163.83204,7159.37326,6846.23996,6525.22269,-101.56,107.727,56.947,25.14942,25.41996,50.42502,-155.6998,-74.89822,4643793.05771,50.0,51.389,-2.12087,-1.02327,50.355,55.286,47.479,7009.8906,7284.4913,7559.092,0.15693,0.31366,126.05164,68.002,60.872,7306.12837,7019.61354,7330.21626,6371.12254
000905.SH,20251020,7092.8836,7129.9939,7033.3835,7069.6412,7016.0661,53.5751,0.7636,176834192.0,314675076.9,2262.94068,720.83519,148.60393,7212.64851,-1.771,-3.017,-2.091,7013.428,7258.157,7502.886,117.35771,97.19912,-154.35317,79.754,346.24048,450.56017,11.35474,26.04037,29.81215,18.09107,0.0,1.0,-27.70348,136.39373,7213.8446,7196.60923,6134.56505,7122.5595,7154.74924,6864.63783,6661.55247,-0.41487,-0.03649,7219.66499,6946.6172,-11.49554,38.70116,21.96893,6854.43171,7197.30671,7540.18171,0.0,1.0,7289.27318,7258.15703,6055.77064,7161.32085,7161.21864,6829.16803,6509.88969,-111.973,120.422,64.436,25.25888,25.48328,43.15327,-254.0681,-29.52687,4623195.67481,50.0,51.389,-3.46912,-0.40228,44.8,52.557,35.735,7009.8906,7284.4913,7559.092,0.19326,0.32331,127.31118,89.12,86.696,7324.872,7037.62212,7325.27444,6366.82732
000905.SH,20251017,7226.4214,7254.5786,7009.8906,7016.0661,7231.5336,-215.4675,-2.9796,200044113.0,348113892.82,-1110.81227,733.25861,147.29424,7251.30558,-3.252,-4.031,-2.789,7027.197,7262.062,7496.928,103.4414,82.31848,-162.45886,89.93235,380.4963,464.92551,11.77774,28.40141,30.22226,18.33994,2.0,0.0,-71.43009,206.37141,7245.8898,7209.97428,6127.0544,7126.20904,7197.30326,6857.68856,6652.38194,-0.3745,0.04506,7246.94205,6941.59581,-11.5937,47.06728,27.51362,6866.86087,7209.89975,7552.93863,20.0,0.0,7306.4002,7262.06241,6050.43464,7160.46419,7222.60312,6813.00085,6495.36121,-99.106,134.419,84.866,25.44531,25.53462,49.24829,-164.6476,47.35637,4605512.25561,50.0,52.778,-2.29291,0.65621,42.054,51.239,29.684,7009.8906,7284.4913,7559.092,0.23532,0.33131,110.17214,98.876,98.763,7374.7192,7085.51452,7319.10404,6361.46426
000905.SH,20251016,7269.2587,7305.9472,7206.4433,7231.5336,7294.0014,-62.4678,-0.8564,194936370.0,359837530.03,922.26436,1288.24095,146.73314,7293.16981,-1.487,-1.269,0.255,7050.994,7267.394,7483.795,106.90048,87.35192,-42.97572,115.74134,428.81653,477.21624,15.09269,26.96743,23.12125,19.68544,1.0,0.0,160.54559,312.88425,7296.96174,7230.38567,6119.91374,7133.8051,7287.92185,6852.31983,6644.20926,-0.16614,0.12189,7288.91949,6938.5562,8.4364,56.84411,40.70821,6914.59781,7222.15111,7529.70441,1.0,0.0,7338.92597,7267.39436,6046.9927,7160.30066,7299.03472,6797.44082,6481.51567,-63.289,146.807,115.163,25.51729,25.59723,48.20087,6.4055,143.39095,4625516.66691,50.0,55.556,0.08866,1.9994,51.497,57.381,43.373,6889.5863,7224.33915,7559.092,0.27374,0.33751,108.07321,77.257,77.257,7445.24949,7153.27893,7314.10786,6357.12178
000905.SH,20251015,7205.7367,7294.0014,7153.4185,7294.0014,7194.8509,99.1505,1.3781,217559777.0,397458970.8,-2230.67531,1713.81889,147.12611,7308.91418,-1.042,-0.409,1.434,6991.351,7252.423,7513.495,97.76052,82.36048,-41.21836,111.81656,456.37102,485.00648,21.31239,27.2633,21.72231,21.77423,0.0,1.0,246.07074,362.40849,7311.50132,7230.26483,6110.98507,7127.06521,7316.11597,6839.46513,6631.01096,-0.17007,0.19393,7299.35329,6926.59794,19.24759,64.91206,49.69057,6893.0626,7219.43284,7545.80308,0.0,1.0,7348.14354,7252.42314,6041.03943,7148.00162,7362.51252,6777.20184,6464.93203,-49.0,154.718,130.218,25.56007,25.69791,40.73661,123.6526,186.42662,4645010.30391,58.333,56.944,1.7245,2.60165,54.765,59.358,48.811,6870.4039,7214.74795,7559.092,0.29882,0.34244,104.72426,62.278,62.523,7502.30848,7208.10031,7312.73179,6355.92576
000905.SH,20251014,7434.1149,7459.0156,7166.0822,7194.8509,7376.5636,-181.7127,-2.4634,277358873.0,505838515.44,-629.24316,2333.9011,145.30805,7312.81696,-2.512,-1.624,0.302,6938.527,7234.171,7529.816,94.62852,82.22793,-17.11879,117.33051,463.79963,488.7383,27.47066,27.51793,21.49193,25.28315,3.0,0.0,157.75266,391.84114,7315.39019,7223.55572,6101.48293,7115.55237,7327.17325,6824.05712,6616.1123,-0.02112,0.2683,7300.32636,6911.60188,22.34667,72.52281,55.79743,6877.21159,7216.51625,7555.82091,8.0,0.0,7336.81477,7234.17133,6032.67009,7137.00375,7386.18592,6755.94779,6447.16355,-39.325,160.843,141.181,25.58883,25.81928,47.37218,-5.0319,203.79365,4623254.32621,50.0,56.944,-0.06989,2.8474,50.164,57.11,38.633,6870.4039,7214.74795,7559.092,0.31898,0.34729,106.86146,70.929,85.908,7532.3683,7236.98131,7312.29515,6355.54625
000905.SH,20251013,7135.104,7391.8246,7135.104,7376.5636,7398.2241,-21.6605,-0.2928,258027817.0,473285532.82,550.80122,3029.96144,135.61426,7341.81278,-0.154,0.855,2.975,6910.342,7224.035,7537.728,108.22265,89.33994,12.66544,129.79268,484.25597,491.53369,32.00048,26.84977,25.65671,24.19068,2.0,0.0,353.12699,421.62864,7342.1767,7226.57728,6092.70086,7110.0835,7393.33443,6811.48784,6603.10693,-0.11823,0.26999,7319.50371,6900.0407,67.67381,80.8855,76.4816,6913.26279,7210.53731,7507.81183,3.0,0.0,7339.84249,7224.03463,6023.64342,7128.90524,7417.32772,6736.38125,6430.23268,-5.089,165.759,163.215,25.52932,25.96629,54.53883,116.5283,256.09933,4650990.21351,50.0,58.333,1.60507,3.60149,60.504,63.254,55.48,6870.4039,7214.74795,7559.092,0.33592,0.35228,126.62759,35.544,43.05,7546.66246,7250.71491,7311.2498,6354.63768
000905.SH,20251010,7499.3917,7509.1161,7373.9841,7398.2241,7548.9226,-150.6985,-1.9963,262256646.0,502127435.14,2256.50857,3733.96012,134.49507,7335.11788,0.219,1.285,3.437,6867.977,7200.904,7533.831,98.98774,107.58211,111.92037,176.168,485.17395,492.36187,40.726,26.74777,15.54826,27.05336,1.0,0.0,392.16258,440.41565,7334.53517,7210.78925,6082.38871,7091.70556,7401.71984,6792.33273,6585.72589,0.20143,0.27509,7309.12919,6880.59078,81.30798,83.08745,82.49429,6938.35951,7200.99765,7463.63579,2.0,0.0,7319.22101,7200.90411,6013.06307,7110.44802,7390.19728,6713.88984,6411.82542,8.134,166.395,170.462,25.56688,26.16393,54.92051,207.2313,305.4044,4676792.99521,58.333,61.111,2.88182,4.32585,61.898,64.041,57.992,6678.5997,7118.84585,7559.092,0.33913,0.35753,150.46834,31.326,46.988,7535.98336,7240.45461,7303.41756,6347.83022
000905.SH,20251009,7470.0474,7559.092,7437.3242,7548.9226,7412.3684,136.5542,1.8422,283130784.0,535756806.83,2659.88309,4292.21412,140.6835,7314.97655,2.433,3.593,5.763,6780.365,7165.915,7551.466,105.82015,118.61544,206.1182,153.20666,487.43233,492.82083,45.02508,25.77678,12.67093,32.87349,0.0,3.0,567.64694,455.53479,7320.38207,7191.05926,6071.81975,7070.56635,7403.46771,6771.79403,6567.4675,0.34192,0.23402,7292.93012,6859.46289,101.44498,83.38402,89.40434,6902.47683,7177.19655,7451.91627,0.0,979.0,7299.38688,7165.91527,6002.22856,7087.31274,7378.81722,6690.30361,6392.2589,19.298,165.378,175.028,25.82101,26.40695,62.38497,411.5599,326.13125,4703018.65981,66.667,61.111,5.76627,4.63595,72.562,69.835,78.635,6607.9849,7083.53845,7559.092,0.33683,0.36397,146.83942,1.98,2.389,7520.43147,7225.51259,7284.20122,6331.12817
000905.SH,20250930,7372.524,7428.0307,7372.0634,7412.3684,7350.5599,61.8085,0.8409,220707502.0,444956374.59,628.90205,4971.29806,141.20165,7256.88699,1.424,2.2,4.176,6768.058,7131.892,7495.727,106.23082,110.72346,168.9712,125.69452,485.5869,490.47327,38.84217,22.40098,12.06598,32.08689,0.0,2.0,457.69104,421.10737,7269.59529,7153.38944,6059.95547,7037.57627,7330.74027,6745.45069,6545.41233,0.39321,0.18275,7246.38603,6831.32168,94.54224,80.37387,85.09666,6875.10608,7141.6264,7408.14672,0.0,974.0,7270.49815,7131.89222,5990.01162,7059.95096,7333.77456,6663.71302,6371.1836,-0.002,162.966,162.965,26.12138,26.65839,61.78005,264.6195,301.99802,4674705.58141,58.333,59.722,3.70214,4.31795,67.98,67.263,70.782,6607.9849,7018.0078,7428.0307,0.32962,0.37188,146.78084,4.095,4.095,7470.12558,7177.17948,7242.53588,6294.91436
000905.SH,20250929,7251.5221,7377.2217,7216.7357,7350.5599,7240.9114,109.6485,1.5143,233539418.0,433864489.69,1897.78269,5814.37393,147.35635,7232.01853,1.01,1.657,3.641,6762.364,7109.358,7456.352,106.38468,114.55827,110.95704,105.17309,487.42856,487.00761,33.21421,18.64384,13.2301,28.81626,0.0,1.0,422.66666,416.66505,7237.86793,7126.1285,6049.09272,7011.72854,7289.9262,6722.84331,6525.93017,0.31901,0.13327,7216.20741,6807.60549,83.05257,78.01247,79.6925,6839.96622,7113.9919,7388.01758,0.0,906.0,7248.36059,7109.35827,5978.35571,7034.71569,7287.44362,6639.80261,6351.81796,-7.728,162.966,159.102,26.28826,26.90102,56.05812,227.8548,345.67488,4652634.83121,58.333,61.111,3.19899,5.01138,65.596,66.006,66.078,6607.9849,6993.7979,7379.6109,0.33027,0.38052,150.92682,8.697,8.697,7420.80719,7129.79514,7214.9867,6270.96974
000905.SH,20250926,7311.8433,7351.7931,7237.0459,7240.9114,7341.3238,-100.4124,-1.3678,211444148.0,430197601.82,2387.17489,6610.88579,142.94918,7214.52181,-0.084,0.405,2.328,6768.419,7097.345,7426.27,108.11191,115.15899,91.83954,107.57123,489.89387,483.49125,27.56519,16.08132,13.64584,28.5257,1.0,0.0,336.47766,413.93322,7212.82527,7102.50414,6038.63916,6988.36085,7259.60935,6701.56479,6507.39916,0.31699,0.07506,7191.77969,6785.44408,67.31625,77.17245,73.88705,6841.30937,7092.85009,7344.39081,2.0,0.0,7227.04087,7097.34468,5967.03504,7011.96945,7262.35726,6615.63337,6332.95667,-11.563,163.932,158.151,26.4709,27.17438,49.53474,308.8022,358.01363,4629280.88941,58.333,61.111,4.45466,5.21076,60.857,63.632,55.485,6607.9849,6993.7979,7379.6109,0.33422,0.38878,151.77875,41.521,41.521,7396.53693,7106.47665,7194.77026,6253.39845
000905.SH,20250925,7325.6602,7379.6109,7312.3508,7341.3238,7323.7093,17.6145,0.2405,236175030.0,493046787.22,4439.01113,7327.64669,141.62031,7198.90031,1.397,2.161,3.924,6764.615,7087.496,7410.377,107.91448,120.23051,143.00767,125.74656,503.40364,481.93152,21.69906,13.29816,9.52346,33.08156,0.0,2.0,465.84901,435.409,7206.58391,7087.93495,6028.98236,6970.94358,7268.95833,6683.28185,6490.91574,0.48219,0.01979,7182.84665,6766.85358,87.14225,78.81515,81.59085,6827.37165,7073.50973,7319.64781,0.0,904.0,7217.72462,7087.49619,5955.92288,6989.55807,7248.24474,6593.47543,6315.87187,0.846,165.378,165.8,26.71516,27.45583,55.97845,412.3587,346.2455,4650425.30421,66.667,61.111,5.95123,5.03856,68.813,67.787,72.845,6607.9849,6993.7979,7379.6109,0.33995,0.3959,150.06843,11.461,11.461,7378.38582,7089.03736,7181.17304,6241.58031
000905.SH,20250924,7140.3128,7327.0207,7133.4321,7323.7093,7180.7137,142.9956,1.9914,240064938.0,477262274.28,5178.0437,7787.70671,148.86864,7173.11247,1.343,2.406,3.992,6768.594,7070.988,7373.382,110.04215,118.0518,94.06235,111.71839,506.71896,480.45537,12.76954,9.05441,8.67548,28.08562,0.0,1.0,482.87745,448.35584,7176.64171,7061.26244,6018.44146,6945.40011,7232.7756,6660.97534,6471.80545,0.49931,-0.04935,7154.03262,6743.40582,79.49644,77.4273,78.11702,6765.61271,7044.99197,7324.37123,0.0,903.0,7195.86275,7070.98801,5944.36142,6959.17548,7219.95654,6569.83104,6298.27853,-4.687,165.272,162.929,27.025,27.71795,55.82424,331.5924,302.4769,4626807.80121,58.333,59.722,4.74237,4.3977,68.144,67.429,71.544,6607.9849,6979.48105,7350.9772,0.34057,0.40179,150.36047,5.91,8.928,7352.4658,7064.13381,7155.8983,6219.61254
000905.SH,20250923,7240.8466,7250.8156,7045.5606,7180.7137,7225.1281,-44.4144,-0.6147,281283634.0,495068970.7,3970.14681,7909.69356,149.7926,7142.13006,-0.33,0.796,2.337,6755.989,7047.931,7339.872,100.58786,112.51645,47.57073,103.02218,493.68924,479.93234,6.52848,4.72151,19.8315,22.93666,1.0,0.0,361.08242,451.21657,7143.96002,7033.63646,6007.95738,6919.30982,7187.30875,6638.50978,6452.66154,-0.00589,-0.11639,7123.18232,6719.71996,60.75383,77.08245,71.63958,6760.07932,7022.2135,7284.34768,1.0,0.0,7156.70274,7047.93067,5933.05295,6931.98843,7207.22174,6545.98506,6280.76361,-14.342,165.858,158.687,27.32963,27.94338,48.71378,266.7605,271.72003,4602801.30741,58.333,59.722,3.85829,3.95524,62.085,64.351,57.889,6607.9849,6979.48105,7350.9772,0.3436,0.40664,129.771,35.429,55.748,7344.166,7056.15949,7135.48125,6201.86688
000905.SH,20250922,7182.8876,7225.8581,7143.0754,7225.1281,7170.3488,54.7793,0.764,231858069.0,421916002.39,6331.36025,8233.20833,144.45771,7133.65558,0.387,1.737,3.247,6749.625,7037.098,7324.572,115.86341,133.11184,73.62512,114.73091,491.75349,482.09512,5.95978,4.69012,18.61367,23.48764,0.0,1.0,431.0371,470.92523,7135.79254,7018.15464,5998.53766,6901.28197,7190.60627,6620.12999,6436.30082,-0.0724,-0.1367,7112.72207,6700.90389,68.12366,79.80388,75.91048,6765.88425,7007.81177,7249.73929,0.0,2.0,7131.52788,7037.09825,5922.38976,6906.56996,7209.27756,6525.21766,6264.54229,-4.253,167.651,165.524,27.57715,28.11771,49.15287,526.6807,248.2937,4630929.67081,66.667,59.722,7.86273,3.6122,65.639,66.213,66.098,6607.9849,6979.48105,7350.9772,0.35093,0.41036,154.21064,26.187,46.516,7344.16771,7056.16114,7126.27109,6193.86179
000905.SH,20250919,7200.692,7231.9992,7142.061,7170.3488,7199.8828,-29.534,-0.4102,271507193.0,450654116.27,7590.78798,8407.5827,147.56605,7118.95245,-0.196,1.593,2.814,6747.257,7023.437,7299.616,125.62909,139.97877,76.71217,127.96208,492.53776,486.79107,4.07347,4.16616,23.63944,22.18457,2.0,0.0,406.27567,487.77712,7115.94019,6996.36796,5988.68552,6878.94775,7173.34535,6599.62158,6418.57436,-0.16816,-0.14055,7092.28461,6679.50698,67.37689,81.75059,76.95936,6742.60727,6987.78979,7232.97231,3.0,0.0,7108.22676,7023.43662,5911.52007,6878.79101,7191.72448,6503.38865,6247.77253,-1.723,168.182,167.321,27.92845,28.25532,41.80181,301.8873,208.04467,4607743.86391,58.333,59.722,4.39527,2.99436,63.261,65.016,60.314,6607.9849,6979.48105,7350.9772,0.3542,0.4123,154.69979,37.586,66.763,7331.78774,7044.26666,7111.51091,6181.03284
000905.SH,20250918,7248.2786,7350.9772,7115.6308,7199.8828,7260.0353,-60.1525,-0.8285,348589541.0,604238742.37,7839.04861,8257.8366,149.03578,7108.05454,0.326,2.377,3.548,6725.351,7006.062,7286.772,121.40133,135.24477,106.48364,142.13558,489.7636,493.15984,4.59744,7.03606,23.837,23.87865,1.0,0.0,465.33234,511.50478,7103.84939,6978.05419,5979.19425,6858.85113,7174.84363,6580.27489,6401.68056,-0.11951,-0.13476,7078.09112,6659.47262,84.40373,84.1462,84.23205,6692.0603,6967.40244,7242.74458,1.0,0.0,7082.5872,7006.06152,5900.86743,6850.56271,7187.2045,6481.61164,6231.60528,8.721,168.398,172.758,28.15958,28.32505,49.66233,238.1934,184.17008,4634894.58321,58.333,59.722,3.42149,2.64148,65.502,66.229,65.321,6607.9849,6979.48105,7350.9772,0.35652,0.41272,157.14835,22.472,32.748,7326.34692,7039.0392,7098.83507,6170.01553
000905.SH,20250917,7184.2638,7265.3931,7159.6665,7260.0353,7190.9928,69.0425,0.9601,258264449.0,445549244.68,9450.72251,7728.66472,141.98155,7080.52847,1.798,3.524,4.809,6686.223,6981.276,7276.328,131.31053,149.36474,130.81869,150.59115,463.9567,500.99541,4.89726,10.86419,25.62854,24.76325,0.0,2.0,543.53008,500.16382,7082.50864,6954.70381,5969.38952,6835.3317,7162.32404,6559.27124,6383.74343,-0.05212,-0.14475,7055.94718,6637.41507,107.99832,84.10328,92.0683,6652.57122,6940.58548,7228.59974,0.0,898.0,7032.44366,6981.27567,5890.21771,6821.81803,7171.76896,6458.91769,6216.04124,13.742,167.308,174.178,28.28786,28.35009,58.70603,149.7471,141.17347,4669753.53731,58.333,59.722,2.10606,2.02379,70.139,68.73,76.036,6607.9849,6936.689,7265.3931,0.35438,0.41199,189.79096,0.815,1.356,7295.32236,7009.23128,7080.09038,6153.72342
000905.SH,20250916,7152.1887,7195.4246,7080.427,7190.9928,7137.3627,53.6301,0.7514,242349183.0,435210189.39,9059.66068,7542.18643,143.17115,7047.60737,1.616,2.723,4.334,6669.183,6954.677,7240.172,126.98705,145.9537,112.59909,139.27921,450.93029,513.18926,5.33927,16.93864,27.3883,20.09721,0.0,1.0,500.04181,479.83152,7043.05827,6922.56365,5959.02289,6806.0418,7113.46842,6535.51652,6364.05148,-0.20486,-0.15319,7018.84024,6612.00199,105.43537,80.12078,88.55897,6612.00662,6910.2929,7208.57918,0.0,891.0,6993.28628,6954.67736,5879.58194,6791.72942,7106.18374,6435.62631,6199.61494,3.486,165.59,167.333,28.3776,28.35462,59.15228,147.0512,133.90198,4643927.09241,58.333,59.722,2.08763,1.93201,67.736,67.375,71.576,6598.5506,6899.3531,7200.1556,0.34997,0.41051,185.94848,1.547,2.779,7232.45258,6948.82698,7054.00128,6131.04784
000905.SH,20250915,7170.4123,7174.8905,7126.8293,7137.3627,7147.7489,-10.3862,-0.1453,238265724.0,441828732.8,9862.90133,7784.37989,141.221,7023.87064,1.333,2.135,3.985,6635.673,6927.893,7220.114,135.1176,153.74958,130.41083,144.66283,452.26493,527.29364,2.91454,21.82911,24.01204,22.23242,1.0,0.0,479.33439,482.33866,7010.18392,6894.30795,5949.12755,6779.49346,7074.70622,6513.29699,6345.46852,-0.18048,-0.09666,6987.53978,6588.36972,99.03302,75.90168,83.61212,6569.06982,6884.46954,7199.86926,1.0,0.0,6970.35594,6927.89325,5869.1463,6762.13752,7053.7782,6411.87372,6184.08918,-3.926,165.154,163.191,28.37565,28.34011,51.14243,126.2025,157.38532,4619692.17411,58.333,61.111,1.80002,2.29992,65.774,66.287,67.684,6598.5506,6899.3531,7200.1556,0.34994,0.40828,183.06639,10.604,19.042,7186.31455,6904.4983,7034.08456,6113.73705
000905.SH,20250912,7115.6102,7200.1556,7112.4216,7147.7489,7122.7051,25.0438,0.3516,266567508.0,499359865.7,9554.78387,8286.92712,145.8785,6988.96336,2.019,2.438,4.593,6607.943,6904.434,7200.925,139.3515,151.82815,176.08476,161.77037,474.29662,540.59247,3.42045,27.64014,23.46396,23.58576,0.0,3.0,532.14843,480.50706,6981.92197,6868.72324,5939.58349,6754.81282,7043.37798,6492.14222,6327.67315,-0.14,-0.03072,6960.29925,6565.96184,98.06742,72.04646,80.72011,6536.64604,6856.90204,7177.15804,0.0,885.0,6967.64849,6904.43374,5858.98278,6732.94981,7024.72904,6387.48718,6168.35984,-9.306,165.645,160.992,28.40276,28.31652,58.20215,285.1865,167.33223,4643518.74651,66.667,61.111,4.15569,2.46038,66.492,66.7,69.214,6580.4373,6890.29645,7200.1556,0.35328,0.40524,188.35972,8.85,10.048,7150.62305,6870.20646,7014.66222,6096.85595
000905.SH,20250911,6924.3036,7123.0523,6889.5863,7122.7051,6932.1092,190.5959,2.7495,243951061.0,469498304.0,9039.61139,8762.28887,149.14732,6938.82936,2.76,2.428,4.709,6566.812,6875.475,7184.138,129.17799,141.9104,112.6603,153.99438,488.64216,550.13922,4.25885,34.98982,22.87243,25.95788,0.0,2.0,548.64164,438.31595,6945.07155,6839.35212,5929.87935,6727.71378,6991.19253,6469.91826,6309.24448,-0.10411,0.05283,6926.21749,6542.21543,91.09614,67.70963,75.50513,6505.34414,6825.6873,7146.03046,0.0,884.0,6957.26776,6875.4748,5848.57931,6701.79823,6977.9699,6362.34992,6153.0938,-24.046,166.808,154.785,28.34689,28.27113,58.84706,158.6398,126.99063,4616861.99571,58.333,59.722,2.27798,1.8758,65.664,66.214,67.749,6417.3889,6770.2206,7123.0523,0.3593,0.40131,164.32276,0.067,0.067,7090.32917,6812.27704,6991.10339,6076.37958
000905.SH,20250910,6911.1119,6977.7671,6870.4039,6932.1092,6928.9651,3.1441,0.0454,189922867.0,359667340.65,6397.91218,9394.25182,142.86767,6905.38779,0.626,-0.123,2.408,6497.372,6840.832,7184.292,122.05118,135.39379,0.0105,137.79599,501.48858,556.30655,9.47468,41.75445,24.08358,23.19185,0.0,1.0,397.28659,425.13304,6905.59742,6809.52549,5920.29842,6700.473,6925.43624,6447.7899,6290.96447,-0.1887,0.1321,6890.49248,6518.52197,62.25046,63.81187,63.2914,6486.49439,6802.58969,7118.68499,0.0,1.0,6946.11327,6840.83185,5838.64495,6671.9195,6893.11836,6338.25203,6137.84476,-45.304,169.814,147.162,28.30977,28.22452,58.88334,-19.7863,133.93215,4592466.88961,58.333,59.722,-0.28462,1.99674,58.512,62.188,53.812,6411.9209,6761.30395,7110.687,0.37235,0.39675,161.13526,35.524,18.002,7021.65883,6746.29966,6973.28677,6060.89411
000905.SH,20250909,6959.9373,6999.7308,6895.5091,6928.9651,6992.1169,-63.1518,-0.9032,225843557.0,394761613.19,7205.29447,10134.3869,142.31432,6900.21937,0.508,-0.192,2.738,6449.979,6819.631,7189.284,122.31873,140.80885,24.01578,152.38675,515.31707,558.04476,16.83112,48.90813,23.05898,25.166,1.0,0.0,421.53625,457.14156,6899.70592,6796.62194,5912.17143,6684.49809,6922.09976,6431.37229,6276.55672,-0.10697,0.21628,6882.9258,6501.64086,59.95247,64.07211,62.6989,6452.48291,6789.51913,7126.55535,1.0,0.0,6939.15859,6819.63128,5829.14812,6651.33877,6880.38882,6318.4814,6124.60281,-41.559,175.477,154.698,28.31509,28.1716,64.30478,106.1182,202.74977,4573474.60291,58.333,61.111,1.55534,3.04165,58.381,62.116,53.536,6411.9209,6761.30395,7110.687,0.39576,0.39151,159.67426,36.149,35.927,7015.23197,6740.12483,6967.54877,6055.90687
000905.SH,20250908,6927.4071,6995.7178,6896.6601,6992.1169,6913.9532,78.1637,1.1305,244174304.0,455360584.11,8075.10395,11004.00572,140.00575,6879.96883,0.981,0.846,4.042,6389.271,6794.091,7198.911,130.31521,152.02607,44.93838,158.98604,538.71299,557.08885,28.53801,55.67777,24.2924,24.68716,0.0,2.0,515.08468,513.55747,6893.20388,6782.69109,5904.00441,6667.63829,6918.66709,6414.50474,6261.89586,-0.11614,0.30199,6874.55502,6484.19906,56.85114,64.75872,62.12286,6437.62817,6773.53149,7109.43481,0.0,4.0,6942.66861,6794.091,5819.43229,6632.24435,6886.93368,6298.84718,6110.19014,-36.572,180.672,162.386,28.29052,28.10102,70.26198,287.9512,298.4704,4596058.95861,66.667,63.889,4.29511,4.54619,61.987,64.458,59.487,6360.1093,6735.39815,7110.687,0.41883,0.38494,182.62377,23.587,23.587,7024.86468,6749.37979,6959.64311,6049.0356
000905.SH,20250905,6709.145,6919.336,6678.5997,6913.9532,6698.4474,215.5058,3.2173,240857457.0,431958521.7,6093.32704,11834.79677,139.11952,6858.32012,-0.272,0.065,3.32,6334.183,6764.073,7193.964,126.44589,144.08436,-20.04434,152.01252,556.22544,550.7606,40.74368,62.63982,24.55366,21.39093,0.0,1.0,468.34476,547.54807,6871.22321,6760.64626,5895.26455,6645.26046,6881.94218,6394.92467,6245.4864,-0.20936,0.38827,6853.18013,6463.46772,32.7794,66.07665,54.97756,6408.66385,6753.74551,7098.82717,0.0,2.0,6938.64647,6764.07313,5809.44497,6609.95445,6910.56794,6278.44204,6094.77668,-43.673,185.243,163.407,28.23407,28.01647,70.24553,185.884,339.78583,4571641.52821,58.333,63.889,2.76281,5.20259,59.122,62.794,54.241,6335.4267,6723.05685,7110.687,0.44104,0.37738,159.6793,39.135,39.135,7050.00748,6773.5366,6945.83917,6037.03778
000905.SH,20250904,6884.3577,6906.6919,6607.9849,6698.4474,6868.4615,-170.0141,-2.4753,270341894.0,471991424.48,2547.32978,12678.5073,129.24206,6855.09518,-3.606,-2.836,0.508,6270.172,6734.55,7198.929,107.84287,119.33254,-61.79517,141.87459,568.11931,539.44792,51.85982,68.17906,25.74863,28.62456,3.0,0.0,279.00177,587.77308,6861.72765,6744.50869,5887.08232,6626.72992,6865.93667,6377.33048,6230.46467,-0.1281,0.48609,6842.13048,6445.08055,12.84956,71.62619,52.03398,6424.14971,6744.95069,7065.75167,11.0,0.0,6929.53584,6734.55047,5799.96659,6589.4757,6936.56562,6258.88015,6080.15826,-40.822,190.702,170.291,28.13046,27.92191,70.64728,43.1369,407.63862,4547555.78251,58.333,65.278,0.64816,6.28202,49.504,57.544,34.865,6308.1478,6709.4174,7110.687,0.46785,0.36898,136.72425,82.005,82.005,7087.32506,6809.39075,6939.57876,6031.59649
000905.SH,20250903,6988.0205,7003.2681,6846.1814,6868.4615,6961.6894,-93.2279,-1.3392,259083266.0,449579909.56,7585.93964,13824.26215,117.64275,6890.84338,-1.546,-0.318,3.372,6220.917,6716.505,7212.093,125.68125,134.38691,28.12872,187.84183,585.89518,524.1176,65.72078,73.06899,15.18171,33.48831,2.0,0.0,469.54423,637.68381,6898.01215,6749.35725,5880.56533,6621.78389,6949.68131,6366.44516,6219.94821,0.30393,0.56638,6868.25467,6434.73905,44.31545,81.42229,69.05334,6465.80116,6745.71308,7025.625,4.0,0.0,6930.10767,6716.50522,5791.32115,6575.98074,6999.10818,6243.90489,6068.25529,5.479,195.805,198.544,28.0672,27.81118,77.19169,200.2889,478.91628,4574589.97191,58.333,66.667,3.00366,7.40163,59.655,64.417,48.314,6299.4929,6705.08995,7110.687,0.495,0.35967,139.84463,55.35,77.698,7134.28803,6854.51203,6939.35338,6031.4006
000905.SH,20250902,7108.9446,7108.9446,6909.7234,6961.6894,7110.2882,-148.5988,-2.0899,294036539.0,541493734.53,11481.59531,14435.76157,113.00668,6898.88897,-0.438,1.28,5.199,6176.974,6690.951,7204.928,140.6489,141.20029,70.74943,233.644,591.97412,505.15192,74.03422,75.32794,12.70754,34.37909,1.0,0.0,589.33771,676.84547,6904.57897,6736.81996,5872.63042,6604.77164,6990.29122,6349.42766,6205.37487,0.41297,0.5946,6868.21707,6417.03609,74.87404,87.60676,83.36252,6454.44559,6728.84389,7003.24219,3.0,0.0,6916.06844,6690.95099,5781.98078,6553.59061,6997.92836,6225.97964,6054.22661,38.573,195.12,214.407,27.99226,27.67704,78.0986,393.1194,552.2957,4600498.29851,66.667,69.444,5.98486,8.58934,66.509,68.731,58.654,6293.2247,6701.95585,7110.687,0.50252,0.34933,164.45902,29.093,47.793,7138.16122,6858.23333,6928.06002,6021.58488
000905.SH,20250901,7087.7337,7110.687,7038.3444,7110.2882,7043.9416,66.3466,0.9419,285908311.0,536161179.93,14888.3736,14503.09736,105.05367,6886.1828,1.711,3.938,7.884,6133.394,6658.028,7182.663,167.90994,169.47776,116.53352,317.12156,585.25327,483.74168,80.98514,76.18131,6.09947,41.94779,0.0,3.0,760.03167,697.3416,6891.88776,6713.14949,5863.88296,6580.15663,7004.59213,6328.67302,6188.37904,0.61193,0.59611,6851.2221,6394.80535,96.74375,89.72889,92.06717,6451.5061,6700.99036,6950.47462,0.0,875.0,6885.43055,6658.02832,5772.48251,6528.64787,6998.40354,6205.91802,6039.48504,63.487,190.299,222.042,27.8916,27.5278,85.49326,680.442,589.16797,4629901.95241,75.0,69.444,10.58255,9.20751,79.929,76.563,81.95,6272.5062,6691.5966,7110.687,0.4954,0.33896,199.40191,0.078,0.128,7133.33927,6853.60048,6904.06982,6000.73358
000905.SH,20250829,7030.2741,7078.923,6990.7532,7043.9416,7011.1602,32.7814,0.4676,280915814.0,523041433.99,14308.40133,14220.84274,105.15353,6828.77942,1.458,3.828,7.389,6107.129,6615.6,7124.072,172.05169,162.44966,118.38059,297.65336,569.76407,461.27741,82.81753,74.37742,6.14981,41.22925,0.0,2.0,719.02827,670.97147,6843.35433,6671.34542,5853.87167,6543.59583,6951.74409,6302.17759,6167.66198,0.60933,0.56544,6804.11917,6365.60196,87.29959,88.55974,88.13969,6397.15874,6660.41672,6923.6747,0.0,873.0,6841.21899,6615.60047,5762.4494,6497.01522,6966.725,6184.17412,6022.97305,62.131,182.363,213.428,27.78323,27.35596,84.94084,535.8438,553.3393,4601311.12131,66.667,66.667,8.23349,8.66403,78.122,75.361,78.821,6187.6219,6633.27245,7078.923,0.4766,0.32943,196.95632,7.018,9.331,7101.00077,6822.53015,6854.93915,5958.03122
000905.SH,20250828,6858.5028,7011.1602,6798.9335,7011.1602,6862.5624,148.5978,2.1653,308061786.0,563651749.09,15359.24093,13899.67424,104.55401,6786.41807,1.816,4.03,7.381,6076.739,6574.063,7071.388,185.19469,168.94087,102.08756,242.59753,550.31548,438.02268,84.53596,73.07338,6.17419,40.56564,0.0,1.0,709.69485,634.12522,6798.77938,6632.12477,5844.31287,6509.08922,6905.64534,6277.03305,6147.9703,0.56896,0.53383,6760.5151,6337.91463,80.0123,88.76977,85.85061,6344.43841,6620.68453,6896.93065,0.0,872.0,6793.68183,6574.06346,5753.00548,6465.53751,6922.50606,6162.80972,6007.40015,62.975,174.596,206.084,27.6667,27.1705,84.40144,593.0007,530.85363,4573219.53991,66.667,65.278,9.23942,8.3519,77.192,74.748,77.192,6177.4781,6626.05415,7074.6302,0.45771,0.32134,196.32755,9.657,15.805,7050.79263,6774.29096,6808.2553,5917.45554
000905.SH,20250827,6964.7697,7074.6302,6862.5624,6862.5624,6964.0653,-101.5029,-1.4575,328060183.0,583863938.87,13799.26297,13323.90356,99.73642,6747.51949,0.345,2.577,5.584,6058.227,6534.823,7011.418,177.85808,164.27962,111.77192,239.79929,518.87065,414.77211,84.4983,71.27557,2.75511,44.97331,1.0,0.0,578.46614,605.77255,6751.58364,6592.2263,5834.94061,6474.46364,6852.8879,6252.14738,6128.57278,0.66441,0.49104,6714.94326,6310.43522,75.1338,90.22934,85.1975,6331.65301,6587.02837,6842.40373,2.0,0.0,6735.55043,6534.82261,5743.64236,6434.58098,6861.10716,6142.12318,5991.28416,60.652,166.724,197.05,27.46612,26.97087,78.94764,470.8029,509.74317,4542413.36131,66.667,65.278,7.36578,8.05324,72.301,71.689,67.857,6177.4781,6626.05415,7074.6302,0.4377,0.31456,160.18668,32.0,44.545,7000.62396,6726.08969,6765.21778,5880.0491
000905.SH,20250826,6928.2862,7008.9627,6910.4055,6964.0653,6951.8955,12.1698,0.1751,281532382.0,490812217.44,15901.48267,12966.89407,94.07085,6718.91754,2.347,4.708,7.538,6046.613,6507.429,6968.244,190.52938,175.90729,138.14023,243.60256,505.75801,393.95075,80.41719,68.50508,3.03904,45.56348,0.0,3.0,704.5142,590.53064,6726.92169,6563.76987,5826.68662,6447.69821,6848.05066,6231.45535,6112.07863,0.66035,0.43338,6688.10341,6287.89942,96.29773,92.74527,93.92942,6318.36276,6550.58382,6782.80488,0.0,868.0,6700.10397,6507.42886,5734.98561,6406.40206,6834.20852,6123.39723,5976.77802,77.282,159.143,197.784,27.26231,26.77761,83.27211,640.5654,504.96087,4575219.37961,75.0,65.278,10.12992,8.01155,83.516,77.864,88.469,6177.4781,6593.2204,7008.9627,0.41798,0.30872,200.21545,7.52,10.94,6955.76644,6682.99129,6729.47355,5848.98169
000905.SH,20250825,6886.2682,6967.7963,6863.9322,6951.8955,6822.8469,129.0486,1.8914,333828945.0,574922701.24,16383.01446,12407.51779,93.33478,6663.98611,2.914,5.371,7.883,6062.871,6477.032,6891.194,189.60511,185.91405,155.01876,230.71949,475.43049,374.04474,76.62167,65.8098,3.11454,47.65377,0.0,2.0,712.31446,559.13683,6674.22311,6521.63351,5817.55104,6412.08668,6790.04333,6206.62111,6092.93286,0.67099,0.37936,6637.92853,6260.30081,99.65598,92.15319,94.65412,6283.24724,6507.3669,6731.48656,0.0,867.0,6645.51339,6477.03223,5725.79764,6374.89183,6772.45756,6102.24345,5961.14246,72.052,149.483,185.509,27.09684,26.59401,82.54569,614.353,471.8382,4547066.14141,66.667,63.889,9.69387,7.50592,83.23,77.643,88.108,6177.4781,6572.6372,6967.7963,0.38963,0.30329,196.36767,2.617,4.105,6894.63557,6624.2577,6675.26151,5801.86281
000905.SH,20250822,6704.0297,6823.3626,6704.0297,6822.8469,6704.1657,118.6812,1.7703,256783820.0,446681185.87,14530.4323,11723.70586,88.94233,6608.70705,1.968,4.224,6.388,6088.957,6445.608,6802.26,182.24701,169.3622,130.24207,197.8842,443.09864,357.99785,71.37748,63.50311,3.36768,43.4217,0.0,1.0,601.81091,512.85359,6612.51813,6476.34277,5808.43984,6374.85849,6709.11725,6181.35757,6073.63033,0.59456,0.31627,6580.84362,6232.07246,98.42884,90.90273,93.41143,6251.70651,6463.10293,6674.49935,0.0,843.0,6589.49979,6445.60844,5716.9174,6343.85726,6715.71298,6080.8964,5946.14955,55.812,140.476,168.382,26.86054,26.40156,81.34808,465.47,411.75982,4513683.24691,58.333,62.5,7.32173,6.56036,79.829,75.115,83.561,6177.4781,6500.42035,6823.3626,0.36256,0.29844,186.99606,0.106,0.127,6838.07882,6569.91887,6617.34027,5751.52004
000905.SH,20250821,6739.6899,6767.3225,6673.0608,6704.1657,6728.0692,-23.9035,-0.3553,242540164.0,404122614.4,14004.87827,11106.4848,84.71334,6562.13267,1.184,3.021,4.989,6102.799,6419.446,6736.092,175.26525,161.76914,124.96731,191.78243,414.81608,345.94212,65.93731,61.5188,3.49109,41.12491,1.0,0.0,497.95076,464.3817,6565.77841,6439.86865,5800.292,6343.96274,6652.25243,6159.61217,6056.794,0.55788,0.26334,6536.84302,6207.95921,91.22166,89.64837,90.1728,6233.21883,6429.38607,6625.55331,1.0,0.0,6539.56509,6419.44564,5708.48264,6317.33166,6664.8576,6062.51412,5932.86389,47.425,133.5,157.212,26.67047,26.23559,80.53716,400.9298,346.46707,4488004.86491,58.333,61.111,6.3607,5.53335,75.67,72.361,76.748,6177.4781,6472.4003,6767.3225,0.34207,0.29408,181.44129,13.754,17.771,6784.62787,6518.56404,6578.39424,5717.66976
000905.SH,20250820,6623.6138,6728.0692,6598.5506,6728.0692,6655.3105,72.7587,1.0932,244233907.0,409671381.12,13700.9339,10581.81456,84.84229,6537.47895,2.049,3.922,5.781,6106.456,6398.917,6691.378,188.37607,169.23821,134.4865,190.31907,396.23844,337.68274,61.6108,59.40424,5.9168,38.49473,0.0,1.0,539.57886,448.79246,6535.02568,6412.04791,5793.03197,6319.12115,6626.29579,6141.15273,6042.24632,0.42661,0.21346,6506.42072,6187.70589,98.94004,89.38616,92.57079,6208.67819,6399.33727,6589.99635,0.0,840.0,6502.90277,6398.91727,5700.54722,6293.29449,6609.9937,6044.73199,5920.38781,50.362,127.572,152.753,26.46892,26.09189,74.21566,466.3379,310.4251,4512258.88131,66.667,61.111,7.44743,4.96,78.665,73.94,82.486,6177.4781,6452.77365,6728.0692,0.32475,0.28986,190.73406,0.0,0.0,6730.70519,6466.75596,6549.96226,5692.95785
000905.SH,20250819,6663.157,6707.1139,6631.1193,6655.3105,6668.1726,-12.8621,-0.1929,252839276.0,444629213.61,12154.95316,10005.48526,81.82334,6494.91768,1.742,3.419,5.081,6109.262,6372.352,6635.441,172.97185,165.61476,157.66653,210.14076,377.87166,332.24229,58.05284,57.96223,8.5556,38.93385,1.0,0.0,487.01465,414.78996,6492.12712,6378.78251,5785.52163,6290.91784,6575.40909,6121.25726,6026.83457,0.33584,0.18258,6466.121,6165.65024,90.98084,87.79385,88.85618,6191.65002,6369.27842,6546.90682,1.0,0.0,6465.83354,6372.3517,5692.65821,6267.47508,6565.99942,6026.79993,5907.2322,42.258,121.276,142.405,26.30656,25.98173,66.06112,442.1091,252.46357,4487835.49061,66.667,59.722,7.11564,4.03245,76.017,72.168,78.388,6177.4781,6443.62965,6709.7812,0.30536,0.28563,160.78301,13.076,15.578,6688.38069,6426.09125,6518.39524,5665.5211
000905.SH,20250818,6612.9878,6709.7812,6580.4373,6668.1726,6568.57,99.6026,1.5164,302448229.0,491491240.87,12065.82736,9515.99137,81.15319,6450.4133,2.628,4.216,5.728,6112.974,6350.257,6587.539,170.70783,167.34812,200.19639,221.58661,360.61057,328.44279,56.59296,56.13574,8.39582,39.20112,0.0,2.0,516.15136,388.66035,6455.86414,6349.6743,5778.53537,6265.78731,6535.45838,6103.15376,6012.71152,0.32487,0.16499,6431.7229,6145.66411,95.24174,87.26268,89.92237,6167.47053,6338.20093,6508.93133,0.0,838.0,6430.62608,6350.25653,5685.04473,6244.88952,6518.56922,6010.3691,5893.72622,37.081,115.994,134.535,26.16076,25.89158,57.76962,441.8294,195.1389,4513119.41821,66.667,58.333,7.09613,3.10646,77.577,73.009,81.187,6152.8142,6431.2977,6709.7812,0.28909,0.28171,165.9967,9.515,11.115,6635.6331,6375.4122,6489.66935,5640.55373
000905.SH,20250815,6417.3889,6570.4994,6417.3889,6568.57,6429.8462,138.7238,2.1575,245217240.0,381378599.74,11096.71636,9061.91591,77.23411,6407.17179,1.997,3.253,4.598,6123.27,6324.913,6526.556,169.56711,154.13086,162.48066,198.66148,337.21681,326.73866,54.99793,55.05634,8.81058,31.48039,0.0,1.0,434.61504,349.69829,6408.68449,6316.14816,5771.38969,6238.0366,6469.10127,6084.00058,5997.98206,0.18383,0.14639,6388.73205,6124.33723,97.76803,85.93284,89.8779,6147.72943,6305.08555,6462.44167,0.0,836.0,6389.98195,6324.91333,5677.37514,6219.29729,6463.2866,5993.45028,5878.82334,19.727,111.359,121.222,25.94212,25.80916,55.92542,253.8827,142.62437,4482874.59531,58.333,56.944,4.02051,2.26466,73.752,70.454,75.553,6110.988,6340.7437,6570.4994,0.27471,0.27789,161.91106,0.504,0.735,6579.39107,6321.37574,6456.95815,5612.1225
000905.SH,20250814,6509.2085,6519.7938,6411.9209,6429.8462,6508.0978,-78.2516,-1.2024,228953168.0,367959844.6,9601.53412,8638.71744,71.50216,6373.86022,0.443,1.41,2.762,6109.791,6301.465,6493.14,152.83163,141.98647,146.686,200.36797,317.80979,327.58706,55.62874,57.17299,9.60455,31.23452,1.0,0.0,310.97955,330.29824,6373.15437,6289.57744,5764.98664,6215.24119,6419.3669,6067.57449,5985.15986,0.14547,0.14167,6356.03424,6106.20528,87.50115,83.96031,85.14059,6140.61735,6282.58725,6424.55715,1.0,0.0,6354.44509,6301.46535,5669.87625,6197.3928,6414.27258,5979.02878,5864.58405,7.433,108.893,112.61,25.86474,25.7573,55.27264,73.7135,120.9998,4458352.87131,50.0,56.944,1.15972,1.92755,66.445,66.18,62.533,6073.6384,6296.7161,6519.7938,0.26817,0.27426,158.39223,26.276,40.829,6537.64523,6281.26699,6437.68775,5595.37347
000905.SH,20250813,6422.7889,6514.4558,6422.2147,6508.0978,6418.1595,89.9383,1.4013,216022423.0,353506820.82,10229.16806,8466.4089,69.57955,6361.7888,1.858,2.744,4.292,6079.576,6284.096,6488.616,166.35367,154.34933,224.15632,230.5338,310.65706,330.26009,57.1003,59.55143,9.27491,35.30678,0.0,3.0,404.41531,338.60444,6360.55619,6274.81231,5759.6464,6200.44085,6414.12725,6055.2941,5975.1669,0.17416,0.13703,6342.61389,6092.99545,107.01026,83.37017,91.2502,6120.98891,6264.55921,6408.12951,0.0,754.0,6334.09479,6284.09626,5663.31133,6180.48659,6395.81184,5967.83005,5858.09136,12.278,107.964,114.103,25.80826,25.70419,64.20954,184.678,141.39227,4481248.18811,58.333,59.722,2.92054,2.26464,77.619,71.794,83.418,6013.0436,6263.7497,6514.4558,0.26742,0.27059,163.7417,1.887,2.874,6514.66385,6259.18683,6427.16977,5586.23167
000905.SH,20250812,6392.4021,6418.1595,6360.1093,6418.1595,6391.7595,26.4,0.413,168351918.0,290495345.64,10307.71995,8630.77517,67.96652,6327.88598,0.99,1.57,3.213,6050.672,6259.551,6468.43,164.16548,151.89229,154.21789,207.24985,306.69785,333.14644,57.19768,61.42059,9.26983,29.36004,0.0,2.0,335.56385,325.09956,6327.76916,6250.25594,5753.63474,6179.22313,6367.14198,6039.94482,5963.19093,0.10325,0.13855,6312.5259,6076.05249,104.59574,79.43015,87.81868,6097.65159,6241.71393,6385.77627,0.0,561.0,6314.75374,6259.55111,5656.69083,6159.98168,6365.66766,5955.1512,5851.32457,-0.095,106.429,106.382,25.80795,25.65407,64.80333,118.5687,144.55018,4459645.94581,58.333,61.111,1.88217,2.33427,72.799,68.887,75.619,5997.1633,6207.6614,6418.1595,0.26445,0.26663,161.24496,0.0,0.0,6484.71166,6230.40925,6409.15827,5570.57681
000905.SH,20250811,6335.4267,6404.8331,6335.4267,6391.7595,6323.4999,68.2596,1.0795,174909199.0,277034087.55,9544.89509,8968.07317,68.8635,6307.18736,0.989,1.311,3.109,6019.126,6239.581,6460.036,166.91908,150.21543,138.94759,189.7473,314.96159,334.58843,57.87162,64.00437,9.16743,31.76693,0.0,1.0,330.23699,319.88223,6307.68242,6232.58188,5748.29719,6162.74476,6341.63322,6027.12398,5952.96692,0.11813,0.16491,6293.31979,6062.08894,94.71229,75.23589,81.72802,6075.9581,6225.17756,6374.39702,0.0,558.0,6308.55106,6239.58105,5650.56385,6143.86536,6342.68294,5943.52846,5845.4878,-4.609,106.441,104.137,25.76569,25.59915,65.87062,98.1611,154.66655,4442810.75401,58.333,62.5,1.5597,2.51179,71.126,67.958,72.449,5973.7969,6189.315,6404.8331,0.26754,0.26257,142.08464,5.75,6.019,6462.6606,6209.22292,6398.36019,5561.19157
000905.SH,20250808,6324.1746,6351.3348,6308.1478,6323.4999,6337.5425,-14.0426,-0.2216,172507526.0,259175300.07,8358.22173,9359.0271,66.35676,6290.20094,0.382,0.359,2.293,5992.649,6221.036,6449.423,157.06413,138.49515,73.76629,178.07766,322.54137,333.10098,55.67852,66.25872,9.34183,32.31719,2.0,0.0,282.379,311.52389,6288.99863,6215.82635,5743.12882,6146.95064,6316.57008,6014.76346,5943.10641,0.10897,0.18939,6275.42166,6048.633,82.42191,71.98982,75.46718,6064.78758,6209.16048,6353.53338,2.0,0.0,6301.71709,6221.036,5643.79394,6127.9863,6316.6773,5932.26329,5839.5546,-9.145,107.017,102.445,25.66619,25.53537,66.65474,126.7422,170.97415,4425319.83411,58.333,63.889,2.0453,2.79474,66.199,65.397,61.728,5973.7969,6171.0331,6368.2693,0.27317,0.25798,123.46703,23.465,22.632,6434.57323,6182.23703,6388.14142,5552.30983
000905.SH,20250807,6356.3322,6366.2138,6299.4929,6337.5425,6357.3769,-19.8344,-0.312,170446400.0,274900586.38,8758.17584,9721.67907,68.91568,6278.11835,0.864,0.751,2.813,5968.084,6206.215,6444.346,159.4215,146.25612,91.17529,196.70387,332.22225,329.04509,55.11476,68.52522,9.15921,36.69427,1.0,0.0,318.21473,317.16632,6281.33168,6204.49229,5738.46721,6134.77482,6313.10516,6004.29781,5934.55824,0.14873,0.2153,6266.68017,6037.41394,84.29774,70.25114,74.93334,6054.00064,6196.68676,6339.37288,1.0,0.0,6299.32618,6206.21495,5637.33531,6112.66058,6294.6176,5922.12656,5835.02718,-4.83,108.161,105.745,25.63096,25.47199,73.05419,124.1353,184.44793,4442570.58671,58.333,65.278,1.99786,3.02869,68.401,66.444,66.14,5963.2571,6165.7632,6368.2693,0.28147,0.25265,140.4019,16.105,15.191,6411.67709,6160.23877,6381.61511,5546.63743
000905.SH,20250806,6298.9291,6357.5899,6293.2247,6357.3769,6303.2359,54.141,0.8589,166027638.0,263770937.89,7937.6409,9882.50914,68.49942,6263.83115,1.241,1.233,3.433,5939.571,6188.49,6437.409,159.91622,144.38511,101.92801,205.62695,341.83394,322.46457,58.71723,70.25919,9.42416,39.90828,0.0,3.0,360.81678,334.94042,6268.84038,6190.487,5733.65536,6120.79085,6300.88649,5993.00138,5925.50242,0.17748,0.24219,6253.79611,6025.1638,75.53736,67.91004,70.45248,6033.47882,6182.1889,6330.89898,0.0,555.0,6294.93177,6188.49035,5630.93065,6096.01734,6272.37774,5913.15284,5830.80561,-3.549,108.764,106.99,25.54611,25.39797,78.87808,196.0683,212.73018,4459615.22671,66.667,66.667,3.18225,3.50908,71.478,67.915,72.216,5942.2901,6155.2797,6368.2693,0.28829,0.24639,140.95478,5.709,5.709,6393.32474,6142.60612,6373.13496,5539.26683
000905.SH,20250805,6277.0114,6303.2359,6272.5062,6303.2359,6261.7313,41.5046,0.6628,154206665.0,235654712.15,7260.0143,9922.39482,67.8791,6242.6313,0.382,0.633,2.855,5912.034,6168.296,6424.558,149.41578,136.70031,64.86597,194.58292,339.87665,312.80636,62.00256,70.93526,9.37562,36.33199,0.0,2.0,323.38602,354.78278,6249.1656,6172.91964,5728.64554,6104.47457,6272.64129,5980.64967,5915.79737,0.15749,0.26154,6234.96323,6011.60408,42.32212,66.63882,58.53325,6016.3266,6165.99154,6315.65648,0.0,3.0,6278.86985,6168.29586,5624.16294,6079.52321,6263.83982,5903.5577,5826.26252,-8.411,109.208,105.003,25.50751,25.34826,78.7053,203.6255,234.89443,4443012.46291,66.667,66.667,3.33834,3.88863,67.86,65.942,64.876,5940.1761,6154.2227,6368.2693,0.29504,0.23936,140.36825,34.086,34.086,6388.30574,6137.78395,6362.2604,5529.81512
000905.SH,20250804,6190.3443,6261.9617,6187.6219,6261.7313,6213.2014,48.5299,0.7811,148591480.0,236649250.16,7525.07275,10031.38193,69.76496,6228.75372,-0.332,0.241,2.464,5890.811,6152.021,6413.232,151.37647,138.5319,23.29621,197.32174,343.56928,301.74135,65.6435,71.60422,9.16526,32.543,0.0,1.0,304.25991,377.64349,6237.14998,6159.20214,5724.03036,6090.76689,6257.34399,5969.71455,5907.09089,0.14134,0.28308,6222.55002,5999.70074,23.14567,70.6916,54.84296,5998.74066,6152.623,6306.50534,0.0,2.0,6269.88698,6152.02125,5617.62224,6061.60992,6274.41918,5895.065,5822.3038,-7.616,110.259,106.451,25.47844,25.31107,78.61476,179.2669,257.68507,4427591.79641,66.667,66.667,2.94727,4.28039,64.715,64.331,57.746,5903.1017,6135.6855,6368.2693,0.30477,0.23154,140.96634,49.448,55.84,6396.39001,6145.55119,6354.20912,5522.81727
000905.SH,20250801,6221.0505,6253.6575,6177.4781,6213.2014,6226.3432,-13.1418,-0.2111,165907191.0,254479551.59,6864.73164,10028.90508,67.13961,6226.4929,-1.204,-0.297,1.897,5856.142,6133.955,6411.768,147.10708,146.39651,14.89228,184.97322,345.70076,288.78992,70.13712,72.36666,12.91733,31.664,3.0,0.0,280.08692,401.82914,6231.68747,6148.4096,5719.71148,6078.97624,6255.15033,5959.81567,5899.12144,0.10376,0.30358,6215.42615,5989.00562,23.32161,78.61592,60.18449,5992.14984,6143.73016,6295.31048,6.0,0.0,6259.84471,6133.95496,5611.46652,6042.02456,6286.75688,5886.06486,5819.05211,-0.466,111.211,110.978,25.38301,25.28378,72.48115,196.0067,285.4912,4412732.64841,66.667,66.667,3.25744,4.75809,60.58,62.334,47.326,5889.6023,6128.9358,6368.2693,0.31484,0.22269,143.48383,60.272,81.276,6410.40246,6159.01412,6349.00272,5518.29208
000905.SH,20250731,6297.9122,6322.0651,6206.1902,6226.3432,6314.6873,-88.3441,-1.399,224214237.0,322273638.1,7878.44874,9899.96706,67.30927,6233.89817,-1.205,0.176,2.321,5827.462,6118.867,6410.271,147.10306,150.45921,45.59555,218.88678,344.5401,273.89547,76.83892,74.28814,10.53381,33.14633,2.0,0.0,316.23359,431.43521,6235.79548,6141.58941,5715.7477,6069.71933,6276.1248,5951.22633,5892.06346,0.18779,0.32213,6215.83066,5979.85477,53.12529,87.83164,76.26286,5992.21262,6136.25134,6280.29006,5.0,0.0,6248.48561,6118.86665,5606.07762,6022.90161,6304.03476,5878.74159,5816.37131,17.627,111.269,120.083,25.28588,25.28004,78.38765,207.5849,305.46587,4429323.36751,66.667,65.278,3.44897,5.09582,62.395,63.253,50.115,5889.6023,6128.9358,6368.2693,0.3221,0.21288,142.47715,48.171,83.282,6427.19306,6175.14627,6345.02845,5514.83781
000905.SH,20250730,6345.3737,6368.2693,6269.5128,6314.6873,6356.1327,-41.4454,-0.6521,212128411.0,304778465.29,11872.83072,9669.64462,63.70471,6232.63443,0.275,1.881,4.031,5804.712,6103.682,6402.653,181.68117,196.43012,93.01251,292.67474,339.52063,257.88695,81.93569,75.46661,4.03376,39.96676,1.0,0.0,424.85933,440.40271,6237.89599,6132.66796,5711.64653,6058.91769,6301.0156,5941.90033,5884.55156,0.34048,0.329,6213.91928,5969.79402,88.69646,93.61603,91.97618,5989.36854,6124.11644,6258.86434,2.0,0.0,6234.09773,6103.68249,5600.66046,6004.58456,6317.4858,5870.80739,5814.51734,39.106,109.066,128.619,25.18687,25.30553,86.14013,293.8288,320.2604,4451744.79121,66.667,63.889,4.88018,5.35809,76.521,69.891,74.81,5885.943,6127.10615,6368.2693,0.32099,0.20206,170.36023,15.084,29.561,6432.1761,6179.9339,6338.34026,5509.02471
000905.SH,20250729,6308.1228,6356.1497,6272.3139,6356.1327,6323.4198,32.7129,0.5173,201757629.0,292526917.6,13680.69999,8921.9075,61.8058,6215.76324,1.204,2.957,5.057,5786.653,6082.596,6378.538,221.62728,249.42734,114.55739,291.76842,321.11778,241.44668,81.80116,76.279,4.21487,41.36416,0.0,4.0,479.87089,435.37868,6220.83125,6113.50803,5706.80283,6041.2784,6294.17975,5929.26348,5874.88559,0.3385,0.31661,6195.59783,5955.71674,102.30009,94.43596,97.05734,5975.95761,6103.76135,6231.56509,0.0,549.0,6204.34847,6082.59565,5594.91248,5985.62403,6293.89988,5861.23483,5812.1479,48.942,104.178,128.649,25.24781,25.34082,93.52208,329.0538,321.6176,4472957.63231,66.667,62.5,5.45959,5.3961,84.775,73.352,92.661,5873.8918,6115.02075,6356.1497,0.3094,0.19052,201.91099,0.005,0.008,6410.22174,6158.8405,6323.20446,5495.8693
000905.SH,20250728,6305.2247,6329.0304,6271.93,6323.4198,6299.5908,23.829,0.3783,214448267.0,305210098.01,13454.43438,7937.32331,59.95449,6190.31081,1.207,2.884,4.873,5787.264,6061.523,6335.781,243.96866,266.0418,123.31968,310.5893,300.08709,226.15798,79.86796,77.23098,4.36982,41.1997,0.0,3.0,460.5503,414.33422,6190.76426,6087.96859,5701.58733,6019.56431,6263.20327,5914.79334,5864.07104,0.34216,0.30239,6166.40967,5939.37323,100.5149,93.12527,95.58848,5953.90182,6080.13636,6206.3709,0.0,172.0,6170.61103,6061.52252,5588.91427,5965.45001,6265.35478,5849.16304,5809.672,49.071,98.06,122.595,25.28438,25.36408,93.41229,340.3693,306.55007,4452781.86941,66.667,59.722,5.68889,5.15774,83.486,72.315,91.295,5873.8918,6101.4611,6329.0304,0.29265,0.17872,196.26117,1.579,2.573,6382.39132,6132.10146,6302.50117,5477.87485
000905.SH,20250725,6297.6255,6311.1687,6276.4156,6299.5908,6293.5984,5.9924,0.0952,237055328.0,304368073.04,11984.74146,7063.0793,59.8284,6158.23881,1.431,2.971,4.882,5787.93,6041.121,6294.312,243.58703,255.04155,143.3985,342.67965,281.98238,212.90532,77.56493,77.28098,4.26111,45.9059,0.0,2.0,449.37381,387.01641,6161.28526,6063.18425,5696.59269,5998.60876,6233.09501,5900.9416,5853.7486,0.39074,0.28794,6137.86237,5923.69786,98.89677,91.89367,94.22803,5935.08324,6056.13738,6177.19152,0.0,171.0,6140.3549,6041.12091,5583.21404,5946.92963,6232.93254,5837.1878,5807.27864,48.981,91.926,116.416,25.31473,25.3825,93.27702,346.1037,284.26517,4431337.04271,66.667,56.944,5.81346,4.79408,82.497,71.542,90.186,5872.2251,6091.6969,6311.1687,0.27534,0.16681,171.85905,3.432,4.874,6349.15183,6100.16548,6282.52427,5460.51175
000905.SH,20250724,6197.8532,6293.5984,6197.8532,6293.5984,6196.7577,96.8407,1.5628,268355564.0,320187942.65,10366.47654,6336.9815,61.46329,6129.35114,1.928,3.361,5.239,5784.512,6019.328,6254.143,219.10656,219.40272,154.5613,328.08289,266.41707,201.24034,74.59621,76.32588,4.33854,44.57767,0.0,1.0,457.72337,359.94834,6130.55069,6038.29935,5691.74934,5977.85138,6199.84711,5887.42806,5843.72967,0.35164,0.28413,6108.4572,5908.35529,97.72087,90.72649,93.05795,5897.94102,6030.91762,6163.89422,0.0,170.0,6113.10371,6019.32778,5577.55126,5928.28459,6192.93646,5825.49954,5805.06075,46.919,85.804,109.263,25.36054,25.39015,88.02558,315.8547,251.21362,4407631.50991,58.333,52.778,5.28384,4.24023,82.252,71.349,89.916,5839.5775,6066.58795,6293.5984,0.25757,0.15495,147.02206,0.0,0.0,6308.26019,6060.87743,6262.29093,5442.92576
000905.SH,20250723,6218.2069,6256.1516,6187.0121,6196.7577,6213.4072,-16.6495,-0.268,258377896.0,311060238.98,8336.49772,5738.78294,59.11682,6094.53795,1.114,2.212,4.094,5785.425,5996.56,6207.695,191.59543,187.00788,157.03747,335.54454,245.25187,190.35595,71.73735,73.89296,4.42576,45.72164,1.0,0.0,370.0386,321.88282,6094.31787,6011.42577,5686.91521,5956.07572,6152.97146,5873.65958,5833.62027,0.35135,0.29646,6074.79517,5892.63108,89.63925,89.56075,89.58692,5881.3389,6006.6265,6131.9141,1.0,0.0,6082.04892,5996.56013,5572.05432,5911.82904,6150.70966,5814.39257,5801.73151,38.429,79.939,99.153,25.43882,25.37946,87.48525,296.3521,215.53902,4380795.95351,58.333,50.0,5.02257,3.64643,77.607,67.991,84.008,5835.3395,6045.74555,6256.1516,0.24031,0.14339,124.59907,18.924,22.933,6266.53139,6020.78507,6241.8155,5425.12936
000905.SH,20250722,6166.6164,6215.4058,6152.8142,6213.4072,6161.3086,52.0986,0.8456,246211642.0,313661670.87,8349.88533,5406.25926,60.69421,6068.67414,1.879,2.906,4.755,5782.272,5979.85,6177.427,183.25065,178.97154,182.4937,368.55371,229.22659,180.85176,68.99754,70.10685,4.56036,43.0867,0.0,4.0,394.71513,299.97491,6071.55346,5991.91714,5682.82009,5939.47697,6131.07835,5862.7071,5825.45987,0.32581,0.30013,6052.62016,5880.21775,104.46319,89.54767,94.51951,5863.01918,5984.87064,6106.7221,0.0,166.0,6057.72186,5979.84989,5567.02622,5898.36867,6114.79706,5804.54461,5799.99528,39.064,75.135,94.667,25.39864,25.35747,86.77571,301.972,191.98535,4406633.74311,58.333,48.611,5.10827,3.24998,80.946,69.33,91.706,5776.1237,5995.76475,6215.4058,0.22684,0.1323,134.0779,0.726,0.827,6228.5911,5984.33262,6227.52689,5412.71029
000905.SH,20250721,6115.0255,6162.4401,6110.988,6161.3086,6099.6104,61.6982,1.0115,207350507.0,272008062.68,7500.30429,5064.42611,62.15705,6037.85367,1.559,2.47,4.219,5769.631,5957.471,6145.312,188.40102,173.73909,165.51148,382.76296,214.0549,172.73598,70.75684,66.45657,6.52043,36.81344,0.0,3.0,353.60411,276.30286,6040.03041,5968.6024,5678.55834,5920.58523,6089.91392,5850.81896,5816.74196,0.27072,0.29925,6023.38615,5866.61818,102.31196,87.06175,92.14515,5837.69262,5962.8701,6088.04758,0.0,165.0,6034.15551,5957.47139,5561.54924,5883.18816,6075.86728,5794.90363,5798.1238,31.235,70.252,85.87,25.38733,25.34428,79.49175,238.6486,172.0922,4382012.57891,50.0,48.611,4.02942,2.91991,78.263,67.405,89.103,5683.4622,5922.95115,6162.4401,0.2127,0.12169,127.52009,0.436,0.6,6191.16045,5948.36985,6211.53629,5398.81192
000905.SH,20250718,6092.2296,6112.1098,6073.6384,6099.6104,6082.4644,17.146,0.2819,153152204.0,236482711.04,5575.35146,4664.8454,62.57137,6009.1902,0.915,1.781,3.474,5731.488,5933.114,6134.741,165.82532,145.06877,147.92882,319.179,196.75632,164.70389,74.59399,63.11041,6.64847,33.64909,0.0,2.0,296.64348,262.55535,6013.0797,5948.31754,5674.68083,5903.98361,6054.21658,5840.29389,5808.99889,0.24962,0.29575,5998.30934,5854.59,96.37671,84.52005,88.47227,5826.72966,5943.70778,6060.6859,0.0,81.0,6008.06521,5933.11448,5556.4116,5871.33302,6047.77726,5785.95197,5796.48281,24.697,66.348,78.696,25.39496,25.32568,78.95578,206.6599,159.73843,4361277.52821,50.0,50.0,3.5069,2.71608,74.342,64.905,84.21,5613.2813,5862.69555,6112.1098,0.20217,0.11213,106.10708,5.618,8.397,6165.67292,5923.88183,6198.87763,5387.80953
000905.SH,20250717,6013.7141,6082.4644,6013.0436,6082.4644,6017.1947,65.2697,1.0847,149692658.0,235042939.35,5575.22429,4637.25486,63.24538,5987.53923,0.955,1.787,3.426,5685.984,5910.11,6134.235,168.38376,139.21233,133.6369,253.99471,184.4549,156.6917,76.99702,58.95114,6.51975,30.95002,0.0,1.0,286.96535,252.1617,5993.85065,5932.39197,5671.26774,5890.49211,6031.51966,5831.5035,5802.46829,0.22896,0.28552,5979.89097,5844.58917,92.00785,82.54394,85.69858,5802.57136,5927.7697,6052.96804,0.0,80.0,5989.24769,5910.10961,5551.14763,5860.08193,6033.27096,5778.33147,5795.52908,22.834,63.261,74.678,25.36058,25.2905,79.02841,147.7944,161.49732,4345962.30781,41.667,51.389,2.49036,2.75947,73.106,64.173,82.378,5613.2813,5847.87285,6082.4644,0.19475,0.10374,104.70683,0.0,0.0,6149.86641,5908.69518,6189.61282,5379.75693
000905.SH,20250716,6019.5765,6061.199,5997.1633,6017.1947,6018.7583,-1.5636,-0.026,148610062.0,213065134.85,4395.45956,4560.08365,64.29503,5968.88189,0.23,0.903,2.565,5658.464,5889.828,6121.192,167.07529,139.37576,109.00065,206.42445,175.11793,147.72854,78.05555,55.32238,6.53522,30.92468,3.0,0.0,229.33027,240.1289,5974.15871,5916.59487,5667.96496,5877.25264,6006.0473,5822.99635,5796.17624,0.21051,0.27967,5961.24125,5834.87998,73.71036,80.96662,78.54787,5793.85092,5913.92186,6033.9928,3.0,0.0,5973.26725,5889.82798,5546.28283,5849.66537,6013.38818,5769.63574,5795.14362,19.604,60.406,70.208,25.29643,25.2817,79.41911,101.8071,183.4177,4330993.04201,41.667,54.167,1.72106,3.16484,67.672,61.223,72.113,5613.2813,5837.24015,6061.199,0.18818,0.09635,103.38592,25.109,36.36,6131.94706,5891.47854,6181.03147,5372.29838
000905.SH,20250715,6018.6274,6049.7867,5973.7969,6018.7583,6020.8585,-2.1002,-0.0349,189736234.0,246076758.44,3834.85805,4576.86232,63.28871,5962.54926,0.366,1.073,2.75,5644.543,5876.262,6107.981,142.49472,121.41427,111.33975,183.97939,168.23072,137.96467,76.04856,51.52464,6.64836,32.35655,2.0,0.0,238.59111,243.4981,5964.59516,5906.00542,5665.1599,5867.60147,6000.4736,5816.41335,5791.20954,0.21212,0.27115,5951.0679,5827.43856,77.57944,82.176,80.64381,5782.79044,5902.20988,6021.62932,2.0,0.0,5960.84283,5876.26181,5541.55204,5840.39241,6000.64666,5761.96601,5794.40483,24.344,57.956,70.128,25.3069,25.30425,79.64819,155.0301,222.82163,4345854.04821,50.0,58.333,2.64388,3.87758,67.973,61.339,72.961,5613.2813,5835.4519,6057.6225,0.18321,0.08963,103.93244,21.153,25.151,6119.02026,5879.05869,6175.06906,5367.1161
000905.SH,20250714,6033.1782,6042.8856,6011.6872,6020.8585,6027.0789,-6.2204,-0.1032,189277444.0,226290847.21,4711.9943,4676.26811,61.5794,5948.06438,0.732,1.328,2.951,5634.708,5862.87,6091.031,154.44453,134.49585,151.94579,195.74716,167.56056,128.09062,71.21616,46.35605,1.94519,43.36303,1.0,0.0,252.68288,233.23729,5952.5589,5894.1367,5662.31975,5857.17686,5991.33124,5809.5542,5786.09608,0.35642,0.25821,5938.76055,5819.62959,80.96944,82.94209,82.28454,5776.84708,5890.4305,6004.01392,1.0,0.0,5952.434,5862.86951,5537.12071,5829.59508,5992.44374,5754.26777,5793.5034,27.866,54.913,68.846,25.31945,25.34187,87.57651,182.6131,234.2456,4364827.67161,58.333,59.722,3.12788,4.09333,68.348,61.489,73.935,5613.2813,5835.4519,6057.6225,0.17582,0.08323,122.35285,20.01,21.881,6107.65319,5868.13738,6168.64806,5361.53523
000905.SH,20250711,5985.8236,6057.6225,5963.2571,6027.0789,5983.0505,44.0284,0.7359,222363098.0,263484519.39,4723.76344,4538.21582,62.56677,5930.92322,1.145,1.693,3.251,5630.598,5850.217,6069.836,154.35315,131.70947,156.04875,183.83407,165.33253,117.20161,62.1563,39.59804,1.81428,49.50175,0.0,2.0,271.11905,222.64217,5937.38121,5880.79756,5659.43992,5845.88847,5976.56761,5802.39135,5780.82052,0.46267,0.23065,5923.83366,5811.41617,83.75329,83.27087,83.43167,5757.9907,5876.25016,5994.50962,0.0,75.0,5941.88691,5850.217,5532.83518,5817.93554,5968.35316,5747.2957,5792.00242,29.13,51.43,65.994,25.27579,25.38888,87.28603,164.526,231.40405,4383755.41601,58.333,59.722,2.80639,4.05226,69.388,61.918,76.453,5613.2813,5835.4519,6057.6225,0.16653,0.07716,128.2375,16.475,18.179,6082.40448,5843.87882,6160.91059,5354.81014
000905.SH,20250710,5950.9657,6000.6858,5942.2901,5983.0505,5953.4871,29.5634,0.4966,176242607.0,207636636.99,4384.49093,4225.7071,61.43452,5915.44805,0.7,1.184,2.659,5627.134,5835.875,6044.616,148.91774,126.64433,102.80945,149.59797,157.57313,105.68532,51.62684,32.4062,4.5394,44.32742,0.0,1.0,234.28155,210.31377,5917.44839,5865.39952,5656.487,5833.39258,5951.31197,5794.77482,5775.28662,0.38435,0.19289,5905.06179,5802.61361,83.99778,83.19046,83.45957,5748.66457,5861.54111,5974.41765,0.0,74.0,5925.55184,5835.87504,5528.73951,5807.69658,5945.22442,5740.63001,5790.14455,25.947,47.789,60.762,25.18386,25.44017,86.60554,217.2132,232.60768,4361519.10621,58.333,59.722,3.76724,4.08227,66.036,60.024,70.533,5613.2813,5806.98355,6000.6858,0.15641,0.0714,122.47385,10.946,15.369,6062.35465,5824.61526,6152.36541,5347.38302
000905.SH,20250709,5980.6451,5992.1349,5940.1761,5953.4871,5977.7437,-24.2566,-0.4058,164914402.0,207864435.84,5011.26098,3961.69455,60.62891,5897.99255,0.456,0.993,2.313,5628.821,5826.719,6024.617,150.76648,129.08289,91.89975,144.57267,150.21003,94.18326,40.90526,26.40911,7.24259,43.67402,1.0,0.0,214.76853,198.49761,5902.87015,5853.01521,5653.864,5823.07134,5935.44271,5788.39259,5770.61777,0.3179,0.15566,5890.88203,5795.24883,80.04848,83.05591,82.05343,5738.38239,5849.56205,5960.74171,1.0,0.0,5911.07133,5826.71911,5524.57843,5796.16949,5933.14632,5733.93447,5790.65494,26.274,44.545,57.682,25.30779,25.4832,81.57724,279.3167,217.26252,4343894.84551,58.333,58.333,4.9226,3.816,63.582,58.703,65.71,5613.2813,5802.7081,5992.1349,0.14769,0.06591,118.91107,24.649,32.685,6049.70221,5812.45899,6146.17034,5341.99852
000905.SH,20250708,5903.1017,5979.6273,5903.1017,5977.7437,5900.4056,77.3381,1.3107,168681142.0,216966438.9,4931.5538,3647.18443,61.06004,5885.87833,0.919,1.807,2.865,5629.166,5818.692,6008.218,169.65928,136.72574,90.61067,151.1634,148.06876,83.54824,32.58921,22.50893,12.40411,40.45381,0.0,1.0,249.54551,196.8744,5891.62194,5842.43922,5651.45739,5814.07715,5926.42051,5782.79617,5766.50835,0.23917,0.12921,5879.49929,5788.79013,90.12609,83.55715,85.74679,5716.8082,5837.73356,5958.65892,0.0,72.0,5901.97791,5818.69207,5520.47669,5786.12477,5921.039,5727.11076,5791.74664,29.323,41.261,55.922,25.43174,25.4861,75.43832,338.2307,203.11478,4360386.28571,66.667,58.333,5.99752,3.56009,67.236,60.269,73.992,5613.2813,5796.4543,5979.6273,0.13862,0.06042,139.8885,0.926,1.781,6036.59768,5799.86835,6140.93238,5337.4459
000905.SH,20250707,5901.4018,5910.8036,5889.6023,5900.4056,5911.4352,-11.0296,-0.1866,137207362.0,165759099.34,3504.49724,3188.90784,61.84651,5868.89648,-0.212,0.974,1.709,5631.311,5807.704,5984.098,145.75503,115.25132,59.27946,118.42947,133.73402,73.06825,27.00071,19.9343,15.76617,34.21831,2.0,0.0,177.02623,186.49228,5872.48377,5828.19664,5648.83661,5802.7898,5900.75892,5776.18778,5761.76149,0.15758,0.10915,5861.63667,5781.07774,72.89409,82.46232,79.27291,5702.09786,5825.54858,5948.9993,2.0,0.0,5880.78727,5807.70449,5516.64744,5775.84867,5912.42426,5718.14456,5791.77132,25.595,37.596,50.393,25.53261,25.44625,69.3661,223.5739,165.98562,4343518.17151,58.333,55.556,3.93836,2.89228,60.623,56.742,60.897,5613.2813,5791.29205,5969.3028,0.12778,0.05493,120.11265,24.103,70.971,6029.3639,5792.91826,6134.59976,5331.94185
000905.SH,20250704,5917.753,5969.3028,5889.7303,5911.4352,5922.66,-11.2248,-0.1895,164941060.0,211373135.69,5299.44597,2649.37587,63.84593,5860.90481,0.078,1.487,2.049,5631.774,5802.967,5974.159,161.98377,131.4347,83.90664,137.06546,116.63443,64.59542,21.49594,18.21251,15.39991,33.53088,1.0,0.0,189.11217,180.0198,5866.27891,5820.5957,5646.81598,5796.05768,5900.93557,5771.977,5758.64589,0.17634,0.08856,5854.58777,5776.20721,92.11145,84.05703,86.74184,5684.37577,5817.68311,5950.99045,1.0,0.0,5858.16375,5802.96693,5512.84036,5767.60327,5915.42066,5708.58637,5793.37763,32.162,34.396,50.477,25.60148,25.36795,70.00444,165.5638,140.52027,4357238.90771,58.333,54.167,2.88144,2.43953,62.266,57.439,64.772,5613.2813,5791.29205,5969.3028,0.11856,0.04957,138.83036,16.254,44.608,6030.38849,5793.90267,6131.70217,5329.42338
000905.SH,20250703,5896.2403,5929.7268,5885.943,5922.66,5892.9505,29.7095,0.5042,130070046.0,174689067.39,4803.51221,1745.2407,60.92213,5854.47526,0.476,1.921,2.42,5630.984,5795.499,5960.014,155.87712,127.60259,88.95867,134.0235,94.8233,59.8419,17.03979,16.79092,16.27948,30.06926,0.0,1.0,197.14863,167.49372,5856.24418,5811.03365,5644.69052,5788.10061,5895.68576,5767.24961,5755.21242,0.13379,0.05772,5844.25187,5770.6877,105.27608,82.71462,90.23511,5678.76244,5806.5456,5934.32876,0.0,1.0,5830.97153,5795.49906,5509.16626,5760.66476,5905.87926,5698.17967,5794.99573,36.702,30.376,48.727,25.58354,25.24532,69.3945,171.7478,126.30185,4373733.01371,58.333,52.778,2.98644,2.19159,63.881,58.135,68.468,5613.2813,5775.1025,5936.9237,0.10571,0.04418,145.66219,4.407,14.041,6019.72065,5783.65317,6127.70216,5325.94674
000905.SH,20250702,5922.5407,5922.5407,5873.8918,5892.9505,5934.67,-41.7195,-0.703,162500485.0,194981070.91,4563.24629,975.17249,61.66041,5845.87803,0.142,1.66,2.056,5633.824,5787.864,5941.905,143.76299,116.55422,92.16315,138.31385,77.47926,59.2001,13.18556,16.79891,20.05629,28.32566,1.0,0.0,163.38459,157.68626,5841.48511,5799.28351,5642.45784,5778.82065,5882.19864,5761.98146,5751.44956,0.09566,0.03387,5829.99585,5764.48475,104.76009,78.95438,87.55628,5658.25421,5795.36339,5932.47257,2.0,0.0,5806.3887,5787.86443,5505.88493,5755.17351,5888.99634,5696.89375,5795.38336,37.707,25.788,44.642,25.44209,25.09491,61.81778,125.1422,107.16032,4360726.00911,50.0,51.389,2.16967,1.85719,61.455,56.807,63.929,5613.2813,5775.1025,5936.9237,0.09013,0.03913,127.96673,13.587,27.347,6006.2613,5770.72165,6123.28115,5322.10417
000905.SH,20250701,5915.8043,5936.9237,5890.114,5934.67,5915.3876,19.2824,0.326,154192365.0,213595657.43,4828.91592,371.22589,61.10229,5833.61502,1.215,2.564,2.968,5632.654,5780.167,5927.681,160.97178,131.81726,133.32383,163.37313,69.49015,60.88671,11.91296,17.31135,18.62695,28.92408,0.0,3.0,205.02931,137.48085,5830.04836,5789.42382,5640.44585,5770.94963,5876.82271,5757.54183,5748.26976,0.10837,0.02145,5818.54955,5759.24125,115.07687,74.65343,88.12791,5650.98614,5784.72154,5918.45694,0.0,62.0,5791.68079,5780.1672,5502.69139,5750.32072,5882.91682,5696.99601,5795.94927,41.457,21.075,41.803,25.32514,24.93666,69.2484,194.4303,86.92987,4376976.05761,58.333,51.389,3.38715,1.50645,67.271,59.341,76.881,5613.2813,5775.1025,5936.9237,0.07353,0.03464,150.47168,0.696,0.889,5995.31776,5760.20725,6119.82634,5319.1014
000905.SH,20250630,5877.6748,5918.3068,5872.2251,5915.3876,5863.7282,51.6594,0.881,166275147.0,226516690.56,3331.47139,-176.0185,61.61793,5807.67696,1.639,2.518,2.844,5634.508,5768.176,5901.843,159.30485,128.97257,146.78443,157.34915,58.67048,62.99715,12.42864,17.27275,18.33847,27.24289,0.0,2.0,187.25278,94.75948,5806.79911,5774.13475,5638.0826,5759.65857,5847.89907,5751.53748,5744.08099,0.12283,0.02166,5797.43674,5752.0809,111.78775,67.91619,82.54004,5637.68762,5770.42178,5903.15594,0.0,60.0,5773.30501,5768.17562,5499.62799,5743.19155,5849.15028,5696.29902,5794.90528,34.863,15.893,33.325,25.19264,24.79345,68.72333,115.4557,38.55863,4361556.82111,50.0,48.611,1.99064,0.66522,65.904,58.521,74.924,5613.2813,5765.79405,5918.3068,0.05444,0.03101,128.27832,0.957,0.957,5958.84143,5725.16138,6113.94614,5313.99057
000905.SH,20250627,5850.4252,5905.6962,5839.5775,5863.7282,5838.2454,25.4828,0.4365,199389725.0,243302989.3,1598.67627,-633.06716,61.60862,5786.32002,1.554,1.793,2.127,5634.216,5755.96,5877.704,147.38459,111.86829,150.85715,141.70944,50.16963,65.34494,12.86789,17.10683,22.85449,24.7031,0.0,1.0,138.19134,49.92407,5782.66833,5759.26603,5635.85525,5748.91863,5814.1548,5745.98324,5740.2314,0.04927,0.02278,5775.99113,5745.41532,101.65721,60.60426,74.28858,5624.56667,5756.57427,5888.58187,0.0,56.0,5758.54708,5755.95986,5496.89001,5736.54027,5800.90684,5695.33876,5795.27564,24.892,11.535,23.981,25.06283,24.68066,61.18112,70.7818,2.73388,4344929.30641,50.0,47.222,1.22186,0.04451,62.006,56.257,69.082,5613.2813,5759.48875,5905.6962,0.03811,0.02858,108.89048,14.352,14.352,5909.10176,5677.37228,6108.6969,5309.42815
000905.SH,20250626,5868.2924,5885.2508,5835.3395,5838.2454,5862.5529,-24.3075,-0.4146,180164163.0,235223723.2,1744.36546,-929.61899,62.60884,5767.10275,1.661,1.454,1.839,5636.734,5748.769,5860.804,142.60848,103.0749,152.93703,149.75087,42.55259,67.39553,14.92908,17.35245,22.99374,28.28432,1.0,0.0,113.95569,19.38762,5764.65503,5748.27001,5634.02495,5741.00073,5789.3681,5741.99189,5737.45619,0.07988,0.02901,5760.03894,5740.58622,98.30272,53.76211,68.60898,5611.8082,5744.66974,5877.53128,1.0,0.0,5746.19823,5748.76895,5494.26361,5731.59255,5756.0638,5696.21048,5796.20973,17.085,8.423,16.966,24.86569,24.59637,59.66036,80.2533,-12.06422,4324990.33391,50.0,47.222,1.39377,-0.21184,59.936,55.099,65.807,5613.2813,5749.26605,5885.2508,0.0264,0.02732,103.59759,17.283,17.283,5864.82441,5634.8313,6105.40618,5306.56798
000905.SH,20250625,5777.7404,5866.5246,5776.1237,5862.5529,5765.8373,96.7156,1.6774,184632310.0,239260448.53,1866.15971,-1110.76074,61.71593,5745.39637,2.359,1.995,2.364,5624.55,5738.719,5852.887,149.87651,107.17878,153.28925,136.51274,43.85978,69.65295,16.54205,16.97395,23.73392,27.10279,0.0,3.0,138.30383,4.56103,5748.30161,5738.79892,5632.38462,5734.2942,5764.92946,5738.72906,5735.19127,0.05861,0.02936,5745.81958,5736.60013,91.98805,46.33867,61.55513,5601.93634,5733.27232,5864.6083,0.0,54.0,5742.36688,5738.71857,5491.763,5730.28834,5723.78106,5698.19975,5796.87657,8.146,6.288,10.361,24.68107,24.542,57.99986,56.8986,-12.97325,4343006.75021,50.0,48.611,0.98005,-0.22431,62.935,56.466,71.857,5613.2813,5739.90295,5866.5246,0.01836,0.027,125.29415,1.568,1.568,5832.54636,5603.81905,6102.88813,5304.3794
000905.SH,20250624,5683.4622,5766.0189,5683.4622,5765.8373,5674.1704,91.6669,1.6155,142082256.0,191935453.6,348.78796,-1133.89662,58.69789,5718.34254,0.998,0.395,0.752,5623.204,5728.198,5833.192,126.5385,89.9043,-9.78953,104.93387,43.2689,69.83737,20.41227,18.91161,24.90638,20.60291,0.0,2.0,42.15214,-13.49452,5722.91243,5725.77218,5630.53588,5725.44878,5716.11773,5734.53164,5732.32921,-0.02769,0.02801,5724.59534,5731.4592,51.88971,38.73044,43.11686,5599.2423,5722.55708,5845.87186,0.0,5.0,5735.40623,5728.1982,5489.09115,5727.59219,5700.44476,5699.63218,5797.74298,-11.931,5.27,-0.696,24.49261,24.52108,56.51912,3.7595,-17.28933,4324543.51921,50.0,50.0,0.06525,-0.29731,54.66,51.917,59.516,5613.2813,5718.59015,5823.899,0.01473,0.0277,120.3445,25.688,6.609,5811.50907,5583.60676,6099.77361,5301.67239
000905.SH,20250623,5613.2813,5684.3973,5613.2813,5674.1704,5639.513,34.6574,0.6145,111601802.0,146034994.44,-1890.82252,-953.85807,56.55775,5709.7245,-0.613,-1.196,-0.837,5616.901,5723.379,5829.857,118.62561,79.64093,-164.81373,82.98719,49.00569,68.36176,22.70974,18.49348,26.20376,15.80661,0.0,1.0,-51.29888,-12.18365,5713.37358,5721.5548,5629.44912,5722.66336,5691.25795,5733.47043,5731.57622,-0.10122,0.03334,5717.0968,5730.05601,3.9148,36.53723,25.66309,5596.94994,5720.88526,5844.82058,0.0,1.0,5734.62171,5723.37938,5486.95961,5728.52009,5697.45974,5702.65074,5798.77013,-23.424,6.761,-4.951,24.46583,24.52751,55.86493,-95.7971,3.84583,4310335.29361,41.667,52.778,-1.66027,0.07785,43.748,46.875,38.065,5613.2813,5718.59015,5823.899,0.02144,0.0291,118.53088,70.34,62.725,5813.14771,5585.18114,6099.56511,5301.49117
000905.SH,20250620,5669.0901,5688.7362,5636.7846,5639.513,5676.8317,-37.3187,-0.6574,101794766.0,135042595.01,-3741.90566,-501.23093,57.25391,5720.18416,-1.41,-1.935,-1.476,5613.52,5722.323,5831.127,96.95628,69.10899,-187.64914,77.75071,69.09921,65.04924,22.11686,16.49513,25.24783,16.08422,4.0,0.0,-81.75969,0.659,5722.08539,5726.54263,5629.08992,5726.0077,5699.80172,5735.4806,5732.86624,-0.0809,0.0446,5724.9016,5732.33706,-12.95432,41.9743,23.66476,5605.50387,5727.58023,5849.65659,15.0,0.0,5747.7701,5722.32304,5485.13281,5730.10516,5716.18732,5707.56588,5801.15213,-21.331,9.689,-0.976,24.51594,24.53379,56.16063,-99.4928,34.4944,4299175.11341,41.667,55.556,-1.73362,0.61433,38.629,44.777,25.653,5628.4165,5726.15775,5823.899,0.03442,0.03057,100.81416,98.542,98.272,5833.0657,5604.31803,6099.87334,5301.75907
000905.SH,20250619,5733.8068,5750.4643,5660.0504,5676.8317,5745.8714,-69.0397,-1.2016,125531134.0,162657974.79,-2897.16993,24.94804,57.49439,5739.0214,-1.22,-1.429,-0.879,5623.049,5725.511,5827.974,102.88592,74.74706,-114.432,79.77749,88.40528,57.87441,21.34576,16.32049,22.25961,16.0351,3.0,0.0,-45.02738,29.54062,5740.43481,5735.70365,5629.0062,5731.97285,5729.94609,5738.73374,5734.96406,-0.01607,0.06445,5740.4268,5736.1258,1.98199,51.12907,34.74671,5619.31371,5735.21907,5851.12443,12.0,0.0,5760.02658,5725.51137,5483.41068,5734.58158,5736.33266,5713.10617,5803.31297,-9.431,12.355,7.64,24.55707,24.51817,55.88965,-18.0068,72.8217,4309354.59001,50.0,58.333,-0.3162,1.28681,42.441,46.679,31.277,5628.4165,5726.15775,5823.899,0.04693,0.03167,118.88897,89.758,88.719,5853.40521,5623.8599,6100.69962,5302.47724
000905.SH,20250618,5740.1556,5753.7124,5709.8031,5745.8714,5750.9122,-5.0408,-0.0877,112703844.0,154540142.78,-1476.2197,458.59146,54.43626,5752.82967,-0.354,-0.256,0.298,5628.725,5729.566,5830.407,101.66413,85.87741,-21.98863,91.95471,94.34541,47.76129,19.77582,18.16067,16.09393,24.13852,2.0,0.0,24.99615,51.21974,5754.56884,5741.9007,5628.62205,5735.77569,5756.50328,5740.83211,5736.27041,0.11026,0.06933,5751.98955,5738.54596,22.35675,59.32025,46.99908,5629.83788,5739.37032,5848.90276,2.0,0.0,5769.34016,5729.56591,5481.61855,5737.03022,5760.9527,5719.48374,5804.10263,2.384,13.534,14.726,24.53946,24.47878,62.75385,74.7991,99.13997,4321907.70341,58.333,59.722,1.31896,1.75198,50.971,50.482,47.247,5628.4165,5726.15775,5823.899,0.05388,0.03212,117.84087,68.388,66.84,5874.3668,5643.99947,6100.86005,5302.61668
000905.SH,20250617,5772.296,5776.6325,5734.829,5750.9122,5767.8083,-16.8961,-0.2929,121526624.0,160121673.88,-643.52799,617.79728,54.8232,5751.32577,-0.302,-0.06,0.348,5628.749,5729.641,5830.532,108.34982,99.96501,25.43496,110.08326,90.59454,36.35467,17.40584,18.07326,13.23822,24.50338,1.0,0.0,29.97055,55.78811,5756.5016,5741.48273,5627.68029,5735.07944,5761.81922,5740.66129,5736.05465,0.13288,0.05686,5753.10194,5738.24697,33.11581,65.48083,54.69249,5629.00269,5739.67643,5850.35017,1.0,0.0,5768.6536,5729.64069,5479.74683,5736.84564,5770.3677,5725.40983,5802.64169,6.582,13.236,16.527,24.55559,24.39931,63.45724,31.0021,95.79218,4333178.08781,58.333,58.333,0.542,1.69204,51.666,50.771,48.762,5628.4165,5726.15775,5823.899,0.05512,0.03196,138.0021,57.321,65.945,5884.96136,5654.17857,6100.7837,5302.55032
000905.SH,20250616,5725.0029,5775.9487,5725.0029,5767.8083,5740.2397,27.5686,0.4803,128242658.0,170989175.83,-1239.01522,601.75317,55.7005,5756.66933,-0.167,0.279,0.62,5627.66,5728.135,5828.61,103.5522,94.286,36.05604,102.85876,82.14841,24.68188,17.41094,16.52572,15.23596,24.46226,0.0,1.0,50.01733,67.75872,5757.74369,5740.49015,5626.69048,5733.98752,5767.27273,5740.3138,5735.72078,0.10529,0.03135,5753.50008,5737.73002,55.80458,70.875,65.85153,5624.41804,5738.15558,5851.89312,0.0,1.0,5763.04623,5728.13483,5478.11098,5732.87606,5771.78368,5731.78299,5800.84648,11.317,12.413,18.072,24.53119,24.265,64.51026,130.5705,98.58047,4345330.75021,66.667,56.944,2.31621,1.73987,53.925,51.724,53.558,5628.4165,5726.15775,5823.899,0.05437,0.03145,137.7527,32.878,51.971,5886.47055,5655.62857,6100.56502,5302.36025
000905.SH,20250613,5783.156,5794.6698,5728.2114,5740.2397,5799.9319,-59.6922,-1.0292,167613374.0,216010351.56,-1366.84197,650.48643,54.71704,5755.15569,-0.627,-0.012,0.12,5626.625,5725.537,5824.449,102.74208,92.80662,39.94545,97.80915,70.67554,13.23635,14.27721,17.77765,15.94596,24.52178,1.0,0.0,25.75706,69.36573,5755.50711,5737.61456,5625.557,5731.65505,5767.00495,5739.38179,5734.99971,0.08306,0.00217,5750.89858,5736.50233,65.63565,73.38674,70.80304,5621.82369,5736.25055,5850.67741,6.0,0.0,5753.37263,5725.53687,5476.13602,5727.44597,5779.35288,5737.45314,5799.53695,14.124,10.999,18.061,24.50349,24.09447,58.05099,88.0943,79.27052,4332506.48441,58.333,54.167,1.5586,1.39649,50.701,50.265,46.388,5628.4165,5726.15775,5823.899,0.05128,0.03059,138.34435,49.038,77.514,5894.83425,5663.66428,6100.17865,5302.02443
000905.SH,20250612,5780.967,5808.8047,5766.5212,5799.9319,5792.9464,6.9855,0.1206,125615846.0,165393538.36,-67.05203,847.42737,55.32228,5755.72663,0.32,1.158,1.175,5625.522,5724.29,5823.058,97.9701,108.88522,97.22716,94.49224,65.12674,2.51198,10.8734,19.18911,16.91333,24.11061,0.0,2.0,91.53001,76.83857,5758.89987,5737.33822,5624.63586,5731.06301,5780.38757,5739.3527,5734.88196,0.04642,-0.01866,5752.83656,5736.34979,92.81342,74.67858,80.72353,5616.76906,5734.34286,5851.91666,0.0,2.0,5751.33967,5724.28971,5474.40922,5722.71449,5783.7205,5743.44883,5797.80379,22.716,9.233,20.591,24.42224,23.89212,60.02798,130.471,72.78357,4349267.82181,58.333,54.167,2.30129,1.27998,58.879,53.628,64.301,5628.4165,5726.15775,5823.899,0.04675,0.02931,172.86141,12.828,22.207,5897.03796,5665.78157,6099.99276,5301.86286
000905.SH,20250611,5758.5287,5818.5734,5758.5287,5792.9464,5757.9921,34.9543,0.6071,123716707.0,161353672.42,1634.80083,794.91608,57.45583,5750.9366,0.376,1.228,1.072,5625.605,5724.249,5822.893,105.35301,125.70007,113.59756,94.06752,45.70394,-8.46378,11.29521,18.38364,20.64937,23.67904,0.0,1.0,85.04738,69.83231,5749.78164,5730.74942,5623.22786,5726.31343,5770.61541,5737.29917,5733.42016,0.02034,-0.03241,5744.27377,5733.7546,91.01658,71.65611,78.1096,5612.77201,5728.29973,5843.82745,0.0,1.0,5735.07026,5724.24907,5472.44413,5716.9561,5777.72762,5746.68275,5795.66076,22.099,6.394,17.443,24.32072,23.64271,52.74823,139.9028,54.89785,4336706.23721,58.333,54.167,2.47482,0.96396,58.155,53.277,62.904,5628.4165,5731.95385,5835.4912,0.03775,0.02735,176.04481,15.834,24.309,5890.01974,5659.03857,6098.69063,5300.7311
000905.SH,20250610,5809.8283,5810.9224,5715.9712,5757.9921,5805.6543,-47.6622,-0.821,138269181.0,182980299.99,2149.17347,600.34989,57.72486,5741.22077,0.053,0.822,0.493,5626.5,5723.685,5820.87,102.89611,122.95306,79.47011,95.0566,28.51279,-16.59191,16.54551,19.04208,21.48147,24.11483,1.0,0.0,52.40637,58.13157,5740.18947,5724.20237,5621.86465,5721.71805,5759.44992,5735.41282,5732.08249,0.00012,-0.05376,5735.4242,5731.33861,89.4846,68.42937,75.44778,5610.32648,5721.80326,5833.28004,3.0,0.0,5720.99016,5723.68517,5470.58557,5710.72054,5766.9395,5750.80858,5793.89385,20.503,3.631,13.883,24.06263,23.34088,52.48695,54.7124,28.17103,4324334.56651,50.0,54.167,0.95931,0.49183,54.478,51.52,55.67,5628.4165,5733.2253,5838.0341,0.02887,0.02453,177.30162,33.715,38.632,5877.57779,5647.08454,6097.51805,5299.71195
000905.SH,20250609,5772.7792,5823.899,5765.3547,5805.6543,5762.0778,43.5765,0.7563,128188619.0,171482411.23,2635.44886,242.47455,56.61698,5737.90325,1.136,1.738,1.338,5624.591,5725.469,5826.348,120.92841,137.38934,147.91772,120.24646,15.8805,-22.4824,18.74069,21.2065,16.02212,29.67621,0.0,1.0,101.79418,49.27607,5736.23333,5720.64555,5620.77126,5719.2164,5760.17882,5734.64743,5731.50025,0.09774,-0.07385,5731.32095,5730.25071,110.24715,64.92016,80.02916,5615.31546,5717.61112,5819.90678,0.0,41.0,5712.13704,5725.46928,5468.81812,5706.6191,5754.30878,5755.59162,5792.29762,23.255,1.069,12.696,23.74972,23.02047,60.70776,47.7318,-2.28883,4338161.48461,50.0,54.167,0.82898,-0.03606,61.199,54.183,71.518,5628.4165,5733.2253,5838.0341,0.02063,0.02076,213.44434,9.333,10.694,5862.81417,5632.89989,6097.10429,5299.35233
000905.SH,20250606,5768.3989,5771.7558,5750.6592,5762.0778,5769.9675,-7.8897,-0.1367,108217660.0,148022372.1,1519.88408,-205.32546,56.95793,5726.73297,0.628,1.045,0.705,5627.342,5721.273,5815.203,109.10131,120.96862,115.93399,98.96171,-2.64907,-26.61855,15.64049,21.76674,20.72491,22.65021,1.0,0.0,59.65941,41.27318,5720.80645,5711.69726,5619.28626,5713.25516,5737.44109,5732.24041,5729.83387,0.02786,-0.09172,5717.80579,5727.17301,109.39963,57.36566,74.71032,5602.178,5709.11728,5816.05656,1.0,0.0,5696.87597,5721.27269,5467.08098,5700.57092,5727.39238,5759.0577,5789.87139,15.963,-1.838,6.143,23.508,22.69479,52.91602,14.7108,-20.53717,4325342.62271,50.0,55.556,0.25596,-0.35226,56.725,52.009,63.629,5628.4165,5733.2253,5838.0341,0.01082,0.01591,177.48965,10.702,11.358,5837.91959,5608.98157,6095.58536,5298.03214
000905.SH,20250605,5741.0298,5778.0959,5719.5466,5769.9675,5739.0058,30.9617,0.5395,125223584.0,174970104.16,1439.26427,-343.87389,58.84512,5715.76815,1.133,1.205,0.958,5626.778,5721.859,5816.941,115.72971,130.51901,122.32904,95.00462,-12.72592,-28.93611,21.27808,24.17897,21.9985,22.3394,0.0,3.0,70.59407,27.2487,5711.63504,5706.39405,5618.13934,5709.88808,5725.12273,5731.22898,5729.10929,-0.00195,-0.08781,5709.75634,5725.74833,104.86217,48.69334,67.41628,5589.53138,5703.60356,5817.67574,0.0,14.0,5690.99616,5721.85908,5465.28649,5696.58101,5718.95884,5763.25265,5787.46646,11.921,-3.834,2.127,23.28938,22.38386,45.66773,49.1726,-49.06172,4336164.38871,58.333,55.556,0.85954,-0.84494,57.831,52.441,66.404,5628.4165,5733.2253,5838.0341,0.00459,0.0101,208.90747,5.431,5.431,5825.41599,5596.96831,6095.08907,5297.60078
000905.SH,20250604,5696.5692,5744.4543,5696.5692,5739.0058,5694.8385,44.1673,0.7756,116196077.0,150314940.4,115.83849,-296.5522,61.21609,5701.34725,0.938,0.734,0.543,5627.412,5720.875,5814.339,108.70131,121.61555,61.859,104.61213,-19.72079,-30.16172,27.50482,26.6297,25.86764,17.21818,0.0,2.0,49.49246,15.70138,5698.67227,5699.70211,5616.91983,5705.74467,5702.70034,5729.91581,5728.19112,-0.09676,-0.07075,5698.80886,5723.94346,82.85535,39.33187,53.83969,5589.88925,5698.10183,5806.31441,0.0,8.0,5689.79166,5720.87526,5463.65584,5689.60612,5692.4129,5767.88275,5784.71636,2.98,-5.324,-3.834,22.92583,22.10696,37.35934,23.1567,-68.85333,4323642.03031,58.333,55.556,0.40513,-1.19086,54.648,50.908,60.816,5628.4165,5733.2253,5838.0341,0.00041,0.00297,176.56383,17.877,4.695,5801.23099,5573.73173,6094.56889,5297.14866
000905.SH,20250603,5653.6747,5710.4203,5653.2978,5694.8385,5671.0723,23.7662,0.4191,122853903.0,159996843.5,-803.96907,21.97976,64.16075,5696.3924,0.365,-0.007,-0.15,5627.425,5720.942,5814.458,100.60007,119.56038,-37.96174,113.86388,-26.13329,-31.34385,25.47207,27.54081,27.4121,12.21897,0.0,1.0,14.84298,12.53695,5689.70926,5695.56487,5615.93922,5703.4508,5684.54762,5729.60767,5727.9481,-0.15729,-0.04143,5691.50032,5723.32867,49.90631,32.07795,38.02074,5586.47493,5695.09397,5803.71301,0.0,1.0,5690.62778,5720.94166,5462.57424,5683.53961,5675.04082,5771.41104,5782.86377,-5.074,-5.696,-8.233,22.50975,21.92488,29.1665,-20.4581,-90.10357,4312022.42261,58.333,55.556,-0.35795,-1.55959,49.681,48.646,51.159,5628.4165,5733.2253,5838.0341,0.00091,-0.00546,177.48034,50.675,30.884,5785.0263,5558.16252,6094.49709,5297.08626
000905.SH,20250530,5704.771,5704.771,5665.5177,5671.0723,5719.9101,-48.8378,-0.8538,109900707.0,137670579.25,-751.68261,747.341,63.53514,5689.48943,0.069,-0.454,-0.502,5617.005,5717.791,5818.577,93.2838,114.38813,-56.73702,122.65063,-32.30692,-32.36173,21.53866,27.47781,25.60731,17.44957,1.0,0.0,-0.72669,15.3604,5688.56943,5695.64133,5615.30549,5704.04476,5679.40217,5730.78629,5728.69213,-0.10445,-0.00795,5690.89338,5724.49154,38.89289,29.10656,32.36867,5586.96727,5696.03171,5805.09615,1.0,0.0,5693.22342,5717.79098,5461.71054,5678.94046,5669.9653,5775.45757,5779.38442,-8.339,-5.062,-9.232,22.14017,21.8486,29.94946,-128.0468,-102.9018,4299737.03231,50.0,55.556,-2.20804,-1.78179,46.808,47.396,45.091,5603.1718,5720.60295,5838.0341,0.00581,-0.01523,151.098,68.324,61.104,5781.13658,5554.42535,6094.50293,5297.09134
000905.SH,20250529,5637.0633,5724.5185,5637.0633,5719.9101,5637.2378,82.6723,1.4665,114682484.0,148095092.97,602.56743,1336.73149,63.3548,5691.09472,0.836,0.215,0.382,5603.911,5714.483,5825.054,107.3834,131.17313,-43.68425,122.65428,-36.56815,-34.08563,23.67231,30.11873,25.03942,19.9641,0.0,1.0,53.77687,32.44155,5692.45768,5698.22755,5614.85757,5706.31872,5683.56711,5732.81049,5729.98696,-0.07732,0.01622,5694.49721,5726.67191,43.19382,27.4755,32.71494,5593.2302,5697.6715,5802.1128,0.0,5.0,5697.7011,5714.48265,5461.12026,5676.65585,5666.35956,5779.03586,5776.03119,-7.865,-4.02,-7.952,21.79559,21.87118,37.71754,-61.7582,-87.73635,4310727.10301,58.333,58.333,-1.06817,-1.52137,52.45,49.782,57.277,5571.2363,5704.6352,5838.0341,0.01282,-0.02622,175.30786,32.057,29.282,5780.36038,5553.67959,6094.68782,5297.25203
000905.SH,20250528,5651.8755,5660.4696,5628.4165,5637.2378,5652.1454,-14.9076,-0.2638,94908883.0,119959827.37,-592.16497,949.92672,60.99665,5688.24091,-0.733,-1.322,-1.0,5586.861,5708.402,5829.943,97.36829,116.86173,-139.00559,101.70261,-44.63091,-36.83268,27.89298,34.6313,28.06027,12.52907,2.0,0.0,-24.48748,53.60234,5686.35715,5695.94517,5614.01377,5705.38138,5665.39562,5733.24779,5730.21341,-0.17177,0.0379,5689.87668,5726.94791,-4.40881,24.85578,15.10092,5594.36048,5698.0758,5801.79112,16.0,0.0,5697.23975,5708.4019,5460.20819,5673.56343,5663.03348,5781.36853,5773.10537,-16.279,-3.036,-11.176,21.64246,22.00955,30.64411,-156.4365,-56.42705,4299258.85461,50.0,61.111,-2.70013,-0.97017,41.511,45.316,30.953,5571.2363,5704.6352,5838.0341,0.0201,-0.0385,175.05349,94.43,93.449,5783.63017,5556.82114,6094.62432,5297.19684
000905.SH,20250527,5666.3027,5667.871,5629.1343,5652.1454,5669.4609,-17.3155,-0.3054,95149363.0,125275690.0,-310.86108,765.66199,62.64701,5697.28016,-0.791,-1.286,-0.742,5585.108,5707.899,5830.69,109.33514,121.16186,-157.69674,108.64015,-35.57737,-40.23261,27.07986,36.53045,27.07731,12.12844,1.0,0.0,1.31016,85.25449,5697.27256,5702.1249,5613.82723,5710.08094,5679.47452,5736.50237,5732.30275,-0.18073,0.0733,5699.44739,5730.60954,-1.33833,29.73322,19.37604,5589.67857,5703.97417,5818.26977,15.0,0.0,5713.42788,5707.89903,5459.3579,5671.69945,5687.17042,5787.89766,5771.15368,-11.417,-1.002,-6.71,21.62794,22.25349,29.86507,-69.5771,-6.61075,4308749.74291,58.333,65.278,-1.21602,-0.09653,43.152,46.023,34.112,5571.2363,5704.6352,5838.0341,0.03229,-0.05213,200.50037,88.849,82.82,5806.54904,5578.84123,6095.37625,5297.85038
000905.SH,20250526,5653.2063,5693.625,5644.5794,5669.4609,5653.0436,16.4173,0.2904,97170989.0,127343603.49,-1429.57988,618.06245,64.03588,5705.27294,-0.686,-1.084,-0.371,5577.07,5705.586,5834.101,101.47432,110.84407,-157.70104,107.60628,-30.3921,-46.71702,25.75459,38.33935,23.39999,19.98215,0.0,1.0,30.50585,106.85542,5707.30081,5707.3859,5613.51946,5714.07649,5693.13908,5739.36192,5734.10404,-0.06308,0.11848,5708.04775,5733.81216,-4.52607,34.91181,21.76585,5590.26282,5709.68546,5829.1081,0.0,1.0,5726.38017,5705.58574,5458.53594,5668.09676,5706.21474,5794.55758,5769.29301,-5.713,0.426,-2.431,21.83335,22.58252,38.18505,-104.3447,25.40207,4318264.67921,58.333,68.056,-1.80721,0.47084,45.048,46.837,37.85,5571.2363,5704.6352,5838.0341,0.04271,-0.06742,193.9068,87.138,79.003,5824.94505,5596.51584,6095.86108,5298.27178
000905.SH,20250523,5697.1362,5738.0829,5653.0436,5653.0436,5703.2797,-50.2361,-0.8808,114361198.0,148123602.87,-1842.55129,595.60041,64.35819,5716.32003,-1.108,-1.52,-0.578,5572.554,5703.86,5835.166,91.22234,99.57881,-152.47287,115.80408,-25.48102,-56.01798,29.60955,41.02598,21.07572,28.36063,2.0,0.0,31.78368,120.59089,5715.70968,5711.378,5613.07013,5717.15343,5704.97818,5741.73145,5735.55669,0.0631,0.159,5715.06354,5736.43874,-4.57274,41.48479,26.13228,5589.77256,5713.9448,5838.11704,13.0,0.0,5738.80151,5703.86013,5457.86105,5660.44045,5716.48154,5799.73265,5766.60011,0.328,1.14,1.303,22.0521,22.96811,45.58532,-97.2475,57.57097,4308547.58031,58.333,69.444,-1.69118,1.03466,42.866,45.969,31.958,5571.2363,5704.6352,5838.0341,0.05085,-0.08422,167.22756,100.0,100.0,5833.27104,5604.51532,6096.05023,5298.43618
000905.SH,20250522,5739.1909,5757.7946,5701.1614,5703.2797,5757.9225,-54.6428,-0.949,109057720.0,141620883.82,134.39978,404.08262,61.79,5728.43975,-0.41,-0.785,0.376,5568.309,5702.418,5836.528,91.74761,111.27661,-39.4733,135.64982,-25.82464,-67.76989,33.41696,42.13546,16.78284,32.39645,1.0,0.0,101.76021,131.91408,5729.63548,5717.51847,5612.74906,5721.5748,5730.94546,5744.73782,5737.41092,0.15154,0.17885,5726.3399,5739.84263,19.27318,49.16104,39.19842,5596.47919,5717.37161,5838.26403,12.0,0.0,5745.6694,5702.4184,5457.26992,5649.56946,5729.04264,5806.26481,5764.09745,13.247,1.099,7.723,22.27563,23.36607,52.28693,-37.0541,92.01505,4319983.70011,66.667,70.833,-0.6455,1.64182,48.238,48.281,42.146,5571.2363,5704.6352,5838.0341,0.05647,-0.10241,197.488,80.062,71.332,5842.10588,5613.00368,6096.29657,5298.65029
000905.SH,20250521,5741.6885,5763.0788,5733.8275,5757.9225,5747.367,10.5555,0.1837,115804542.0,155147378.01,1912.48116,27.32863,64.47787,5733.90338,0.265,0.112,1.413,5562.739,5699.373,5836.008,107.82946,125.59647,35.99465,161.23137,-24.98195,-81.10908,36.56515,41.15674,15.1336,32.60769,0.0,4.0,180.74162,142.89713,5735.49232,5719.01728,5612.0219,5722.83653,5744.77835,5746.14318,5738.17791,0.16717,0.1884,5730.53266,5741.33499,38.20065,54.14235,48.82845,5595.70822,5717.0165,5838.32478,0.0,4.0,5752.72199,5699.37344,5456.59838,5635.69458,5731.44602,5812.16122,5762.34787,22.491,-0.557,10.688,22.62582,23.76695,51.87269,126.0976,125.55247,4330889.47211,75.0,70.833,2.23902,2.23498,55.126,50.952,59.273,5535.6994,5686.86675,5838.0341,0.05589,-0.12168,234.12005,47.597,46.793,5845.53078,5616.29427,6096.28133,5298.63704
000905.SH,20250520,5723.5055,5759.4582,5707.8101,5747.367,5720.7949,26.5721,0.4645,116896615.0,151751185.85,3301.15814,-474.57333,65.71903,5726.29461,0.012,0.111,1.324,5543.091,5689.513,5835.935,112.73665,147.58146,25.54826,149.59746,-31.54211,-96.4133,41.36962,38.47183,15.8959,31.82914,0.0,3.0,165.42545,135.05464,5730.50784,5714.922,5610.85001,5720.41681,5738.20627,5745.74388,5737.73421,0.14404,0.19097,5725.55269,5740.65795,27.5245,56.7993,47.04104,5576.72334,5713.37512,5850.0269,0.0,3.0,5751.95885,5689.51335,5455.79377,5638.61398,5739.68534,5815.48829,5761.9902,24.246,-3.368,8.755,23.10612,24.09812,45.31425,142.4613,130.77942,4319309.01791,75.0,69.444,2.54173,2.32842,53.962,50.445,56.422,5525.4046,5681.71935,5838.0341,0.05077,-0.14147,243.39492,53.868,53.868,5854.27803,5624.6985,6095.66464,5298.10104
000905.SH,20250519,5719.4381,5729.0703,5669.7208,5720.7949,5715.8491,4.9458,0.0865,115384939.0,141098692.01,6449.64335,-1169.45398,67.02321,5720.20415,-0.584,-0.145,0.979,5525.338,5679.996,5834.653,120.20969,130.57693,-5.97167,144.79304,-36.31216,-113.37173,45.98104,38.02023,15.66931,29.21407,0.0,2.0,130.91572,128.91068,5726.76136,5711.50674,5609.75349,5718.55817,5733.6259,5745.68886,5737.51775,0.11301,0.19394,5721.58645,5740.38411,19.12987,61.67844,47.49558,5562.73679,5710.76073,5858.78467,0.0,2.0,5751.25553,5679.99552,5454.63933,5643.6713,5746.5456,5818.76355,5763.67373,27.266,-6.399,7.234,23.60208,24.35897,45.89465,122.4998,132.2515,4307619.35641,75.0,68.056,2.18816,2.3517,51.031,49.176,48.922,5525.4046,5681.71935,5838.0341,0.04482,-0.16111,255.76239,68.335,69.655,5865.06151,5635.05909,6095.17617,5297.67648
000905.SH,20250516,5703.7354,5735.0121,5703.7354,5715.8491,5715.2966,0.5525,0.0097,116709136.0,141882122.9,5142.22221,-2406.91291,69.54971,5722.1686,-0.673,-0.053,1.023,5509.473,5671.799,5834.125,131.80827,139.18153,13.77387,129.25598,-49.54587,-132.09347,50.92411,36.05877,15.24294,28.94475,0.0,1.0,112.91865,113.92636,5728.08724,5710.52903,5608.86159,5718.40392,5740.0414,5746.53272,5737.89354,0.11782,0.194,5721.73037,5741.18367,30.67339,68.76986,56.07104,5566.13011,5711.20621,5856.28231,0.0,1.0,5742.35853,5671.79899,5453.86449,5649.40648,5761.12148,5820.76215,5765.65563,35.401,-9.808,7.893,24.14689,24.55231,45.76897,88.6687,138.6685,4296080.86251,66.667,66.667,1.57572,2.46956,50.493,48.943,47.521,5492.6546,5665.34435,5838.0341,0.03733,-0.18035,266.22339,52.024,90.98,5879.28775,5648.72745,6095.03726,5297.55575
000905.SH,20250515,5786.7833,5786.7833,5715.2938,5715.2966,5799.1191,-83.8225,-1.4454,135160768.0,165136693.96,-3265.48024,-3655.68891,70.99139,5726.80469,-0.849,0.066,1.219,5502.449,5666.133,5829.818,100.73314,82.9197,38.53949,123.14015,-64.03862,-150.65923,52.4424,34.16399,13.67702,30.14581,1.0,0.0,99.72283,107.74815,5730.80682,5709.96903,5608.00225,5718.58011,5752.13756,5747.57284,5738.38892,0.14682,0.18462,5722.79969,5742.21773,58.90842,75.11927,69.71566,5561.49224,5710.47014,5859.44804,7.0,0.0,5731.26419,5666.13323,5453.11551,5654.13724,5762.29616,5824.64333,5767.55798,46.712,-14.233,9.123,24.4399,24.66763,52.00771,109.417,160.0229,4284409.94891,66.667,68.056,1.95183,2.85716,50.437,48.918,47.387,5492.6546,5665.34435,5838.0341,0.02552,-0.19886,207.60436,46.004,92.375,5881.76664,5651.10913,6094.8669,5297.40768
000905.SH,20250514,5778.0791,5835.4912,5750.5367,5799.1191,5781.6683,17.4508,0.3018,156279994.0,188145126.84,-2434.81224,-4274.57902,70.82445,5731.41276,0.504,1.696,2.999,5498.828,5661.725,5824.623,110.25512,83.54817,97.27958,156.41192,-78.63025,-168.48706,50.85396,35.0893,10.60413,32.36022,0.0,1.0,167.65852,97.10391,5734.25354,5709.40823,5607.14045,5718.80656,5770.55803,5748.66695,5738.90785,0.22589,0.19224,5724.16389,5743.31656,86.46731,77.82108,80.70316,5567.18263,5707.45389,5847.72515,0.0,24.0,5719.56404,5661.72528,5452.01888,5660.8284,5773.99796,5828.51832,5768.94679,61.378,-20.072,10.617,24.68089,24.73865,58.70826,164.1704,174.02455,4297926.02571,66.667,69.444,2.91343,3.112,59.802,52.682,70.062,5492.6546,5665.34435,5838.0341,0.00755,-0.21617,207.64059,14.586,29.288,5888.0745,5657.16962,6094.62146,5297.19435
000905.SH,20250513,5838.0341,5838.0341,5772.0723,5781.6683,5793.6743,-12.006,-0.2072,138271081.0,194252270.53,-1786.85652,-5039.29204,72.61175,5716.37093,0.372,1.634,3.08,5497.281,5650.835,5804.39,112.34383,84.10953,117.4344,163.55805,-100.42145,-185.2663,45.74832,35.0504,8.04986,38.51941,1.0,0.0,133.68665,69.32113,5719.83897,5699.96498,5605.59845,5713.26776,5756.2775,5746.95671,5737.55479,0.30159,0.18971,5710.53567,5741.0389,82.28305,76.38005,78.34771,5561.94093,5698.23335,5834.52577,1.0,0.0,5702.37017,5650.83524,5450.73637,5666.11116,5764.23236,5830.17068,5770.01501,63.157,-27.744,3.835,24.61282,24.77465,66.24745,157.4593,169.62945,4282298.02631,66.667,69.444,2.79967,3.03636,58.325,51.944,67.351,5492.6546,5665.34435,5838.0341,-0.01859,-0.23147,204.17493,21.127,32.854,5880.36492,5649.76237,6091.93735,5294.86143
000905.SH,20250512,5751.4372,5794.5161,5737.4622,5793.6743,5721.7225,71.9518,1.2575,135824367.0,199426833.72,-1654.20026,-5918.46668,77.83456,5703.22178,1.018,2.081,3.245,5491.067,5638.955,5786.843,124.50285,87.2265,121.08308,200.75779,-123.40176,-200.8672,35.57403,33.92177,8.31021,34.36531,0.0,1.0,128.5617,24.57863,5706.09912,5691.36463,5604.18424,5708.55048,5743.5821,5745.78005,5736.56347,0.24175,0.16891,5697.60247,5739.38056,83.46247,75.39621,78.08496,5551.0888,5687.80968,5824.53056,0.0,22.0,5684.7913,5638.95506,5449.09818,5671.67217,5755.96546,5832.81838,5770.42482,65.075,-35.639,-3.101,24.67123,24.83699,59.8505,151.2938,144.16747,4296125.13441,66.667,68.056,2.68138,2.58363,59.709,52.484,71.039,5492.6546,5655.9484,5819.2422,-0.04652,-0.24362,241.07713,10.309,11.833,5865.78036,5635.74975,6089.49355,5292.73738
000905.SH,20250509,5770.441,5770.441,5705.1654,5721.7225,5773.8056,-52.0831,-0.9021,123939007.0,178162276.68,-3757.72918,-6715.72763,90.65385,5684.16542,0.314,1.037,1.883,5467.099,5621.26,5775.421,114.96968,76.73783,104.55066,163.38829,-143.00014,-215.45752,30.05943,32.97019,8.26666,32.89801,1.0,0.0,41.00979,-28.5999,5686.63797,5680.59519,5602.66223,5702.67988,5718.536,5744.15651,5735.28008,0.2375,-0.01681,5680.13486,5737.16449,68.74276,74.05183,72.28214,5545.34833,5678.60885,5811.86937,3.0,0.0,5668.91874,5621.25992,5446.96083,5676.78139,5723.59558,5833.89515,5771.79705,61.284,-43.773,-13.131,24.76215,24.92929,59.26859,161.0018,122.88305,4282542.69771,66.667,66.667,2.89534,2.20717,53.673,49.469,60.141,5135.9655,5477.60385,5819.2422,-0.07642,-0.25183,201.69146,39.322,39.322,5834.93947,5606.11832,6086.68174,5290.29348
000905.SH,20250508,5731.7157,5783.7915,5724.9511,5773.8056,5750.2911,23.5145,0.4089,136140322.0,187032631.46,-3633.14007,-7264.93537,93.31942,5672.28424,1.594,2.199,2.68,5407.828,5601.519,5795.211,118.21895,78.49042,172.41423,151.35683,-159.2165,-230.48644,21.19342,33.13675,13.47007,31.51862,0.0,5.0,75.84939,-72.50057,5678.8414,5676.266,5601.70592,5701.36659,5716.94275,5744.91699,5735.58475,0.19034,-0.20829,5672.57348,5737.79477,84.37856,74.93668,78.08397,5546.67452,5672.9421,5799.20968,0.0,20.0,5659.16739,5601.5195,5445.12609,5685.0266,5700.23222,5836.67562,5773.7992,66.035,-51.433,-18.416,24.8388,25.04868,59.12914,216.7951,105.08783,4294936.59841,75.0,65.278,3.90129,1.88764,59.597,51.746,77.8,5135.9655,5477.60385,5819.2422,-0.10543,-0.25535,200.08911,18.321,18.321,5808.62441,5580.83521,6085.98182,5289.68513
000905.SH,20250507,5805.656,5819.2422,5713.2734,5750.2911,5740.3338,9.9573,0.1735,171011757.0,227566204.82,-3106.53852,-7718.55778,122.01876,5643.74191,1.617,2.109,2.198,5355.843,5577.181,5798.519,116.15496,78.1291,234.97878,83.8915,-178.02419,-247.39536,15.88557,34.94268,17.68727,31.47798,0.0,4.0,35.85741,-121.33399,5657.73825,5665.99868,5600.3236,5696.3708,5688.51132,5743.93771,5734.72585,0.17072,-0.39376,5654.16763,5736.32494,82.13298,73.36303,76.28635,5527.0855,5663.6887,5800.2919,0.0,19.0,5646.02488,5577.18088,5442.86395,5691.63076,5665.13012,5837.67867,5775.07487,58.983,-59.688,-30.196,24.86603,25.19445,59.66259,193.4269,100.19012,4281322.56621,75.0,63.889,3.48086,1.81162,57.663,50.766,75.043,5135.9655,5477.60385,5819.2422,-0.13798,-0.25408,199.97895,24.318,27.802,5775.7855,5549.28411,6083.23226,5287.29533
000905.SH,20250506,5668.8762,5740.3338,5666.4698,5740.3338,5631.8249,108.5089,1.9267,162773606.0,217059975.78,-3647.64831,-8510.35194,121.15729,5622.76976,1.874,2.225,1.896,5342.555,5581.942,5821.328,129.29504,76.30323,234.93847,72.0498,-201.12634,-266.3602,19.32465,37.99122,18.15709,27.23777,0.0,3.0,0.96185,-170.49094,5637.17095,5657.12579,5599.11904,5692.65216,5657.62143,5743.72235,5734.37607,0.11357,-0.57351,5636.69064,5735.7549,91.18912,71.90138,78.33062,5527.22785,5653.45219,5779.67653,0.0,18.0,5627.06784,5581.94155,5440.93311,5701.93725,5640.50798,5837.63883,5776.16233,49.323,-67.061,-42.399,24.89689,25.36565,59.23506,137.7998,114.44657,4264221.39051,66.667,62.5,2.4596,2.10429,56.861,50.356,73.899,5135.9655,5521.3356,5906.7057,-0.16814,-0.24852,197.33847,0.0,0.0,5749.2337,5523.77356,6080.89717,5285.26576
000905.SH,20250430,5604.6537,5647.7821,5603.1718,5631.8249,5604.9057,26.9192,0.4803,138386621.0,181616584.52,-5924.94592,-9242.99781,118.35855,5605.65573,0.261,0.498,-0.191,5321.267,5589.879,5858.491,120.73992,69.52478,70.02251,66.50282,-223.52964,-280.54134,24.35247,41.52728,17.92924,19.57283,0.0,2.0,-134.76838,-213.12406,5614.24587,5648.36705,5597.98478,5689.36377,5616.26525,5743.83721,5734.24219,0.03335,-0.76986,5617.84643,5735.568,65.1143,68.68675,67.49594,5526.82958,5646.89848,5766.96738,0.0,4.0,5608.73551,5589.87919,5439.23125,5713.97402,5613.61714,5835.53972,5778.07642,33.764,-73.226,-56.344,24.98682,25.57159,59.18033,4.6874,149.46583,4247944.02991,58.333,63.889,0.0833,2.79112,46.8,45.635,55.29,5135.9655,5536.3061,5936.6467,-0.19451,-0.24043,165.97279,26.533,38.814,5726.75558,5502.17693,6079.32204,5283.89672
000905.SH,20250429,5583.7186,5622.022,5571.2363,5604.9057,5598.2951,6.6106,0.1181,126742927.0,158033003.94,-7345.53786,-9627.58903,119.81462,5608.11652,-0.196,0.025,-0.899,5303.802,5602.93,5902.059,109.40614,64.51338,6.87113,68.30211,-235.20343,-289.17615,32.26952,46.17291,15.87367,28.19927,0.0,1.0,-190.50946,-239.96877,5610.33942,5650.10833,5597.71297,5693.33197,5608.48542,5747.63424,5736.5437,0.21541,-0.95709,5615.30489,5739.80241,54.96714,69.28216,64.51049,5515.80792,5648.93064,5782.05336,0.0,1.0,5601.23944,5602.93045,5438.10329,5730.68992,5614.2419,5834.8317,5782.03716,30.344,-77.447,-62.275,25.22503,25.80534,60.70117,23.5873,111.80202,4234105.36781,58.333,65.278,0.42261,2.14628,43.821,44.378,47.56,5135.9655,5536.3061,5936.6467,-0.21402,-0.23001,140.03296,36.797,65.998,5728.81195,5504.15265,6079.6941,5284.2201
000905.SH,20250428,5624.4166,5628.0778,5587.7857,5598.2951,5627.1804,-28.8853,-0.5133,136218094.0,167616287.08,-9454.38133,-9770.91135,122.95597,5612.42856,-0.424,-0.058,-1.265,5296.471,5615.574,5934.676,102.51569,61.03789,37.09532,63.11426,-242.31688,-293.34867,35.88095,49.37916,19.69171,22.49281,1.0,0.0,-222.39424,-260.21726,5611.54692,5654.8665,5597.6552,5699.43033,5610.27528,5752.47249,5739.50186,0.20319,-1.17071,5617.19565,5745.3084,64.6363,71.668,69.3241,5519.158,5654.14566,5789.13332,5.0,0.0,5601.00227,5615.57377,5437.04266,5747.46031,5618.10256,5835.58244,5787.54259,30.084,-81.24,-66.198,25.47852,26.04153,69.06599,54.2305,65.08647,4221431.07511,58.333,66.667,0.97817,1.35057,43.103,44.073,45.637,5135.9655,5536.3061,5936.6467,-0.23276,-0.21748,119.33385,40.519,53.481,5734.66578,5509.77692,6079.72594,5284.24778
000905.SH,20250425,5613.1407,5661.5869,5596.5266,5627.1804,5605.8796,21.3008,0.38,140000800.0,171933817.27,-10081.94245,-9616.00833,124.38565,5616.75933,0.201,0.539,-1.025,5286.769,5631.461,5976.152,103.12366,61.18812,70.20357,64.42766,-246.42266,-294.3523,45.08007,54.81943,17.98858,21.2325,0.0,1.0,-217.15111,-294.81777,5614.49176,5660.82139,5597.65006,5706.40517,5616.26538,5757.69885,5742.67505,0.1144,-1.37547,5620.63212,5751.30895,77.05762,72.83995,74.24584,5516.32187,5659.34841,5802.37495,0.0,1.0,5603.88651,5631.46059,5435.41569,5764.18317,5626.91964,5835.34844,5792.52937,30.862,-85.0,-69.569,25.71341,26.25315,66.55606,187.4088,0.69313,4235052.88451,66.667,68.056,3.44516,0.24818,45.427,45.107,52.671,5135.9655,5554.8835,5973.8015,-0.25239,-0.20277,118.60704,24.256,29.739,5737.43123,5512.43393,6079.92508,5284.42086
000905.SH,20250424,5633.024,5651.5343,5583.4302,5605.8796,5634.9487,-29.0691,-0.5159,122696696.0,157899194.34,-10578.60292,-9333.56832,126.57739,5613.81388,0.03,0.439,-1.648,5275.168,5647.982,6020.795,98.31783,56.72954,58.87519,62.38542,-256.43048,-291.97065,53.99979,61.95765,42.83395,14.78341,1.0,0.0,-259.08434,-332.59608,5611.67207,5664.36254,5597.41287,5711.86895,5610.80787,5762.1232,5745.27043,-1.42977,-1.56322,5619.44152,5756.37542,76.21564,72.13701,73.49655,5508.44826,5662.60284,5816.75742,3.0,0.0,5599.30031,5647.98165,5434.26586,5776.40939,5613.6277,5835.01309,5796.58396,26.113,-88.858,-75.802,25.8932,26.43781,57.48714,278.9656,-80.6686,4221052.80451,66.667,68.056,5.23691,-1.18174,43.363,44.182,47.719,5135.9655,5568.3135,6000.6615,-0.2735,-0.186,102.10949,36.249,44.444,5722.83762,5498.41262,6079.96002,5284.45123
000905.SH,20250423,5647.9148,5670.2595,5614.7677,5634.9487,5624.209,10.7397,0.191,127007764.0,177991292.76,-9626.80977,-9035.5255,125.55319,5613.28427,0.696,1.382,-1.465,5270.748,5665.113,6059.478,102.56936,60.29251,59.68528,64.70123,-269.30498,-284.87687,56.65778,65.69281,44.10339,14.63429,0.0,1.0,-254.83683,-363.84003,5612.95928,5670.51864,5597.34486,5719.17856,5613.272,5767.41959,5748.40281,-1.48579,-1.59814,5621.90732,5762.5181,92.19343,71.45724,78.3693,5493.14215,5667.75949,5842.37683,0.0,1.0,5593.11881,5665.1126,5432.95122,5790.89662,5603.85388,5835.48051,5800.3754,23.274,-92.122,-80.485,26.13254,26.56906,57.01324,347.9154,-187.02407,4233322.47411,75.0,66.667,6.58054,-3.06641,45.516,45.178,54.164,5135.9655,5568.3135,6000.6615,-0.29337,-0.16714,118.00782,19.882,19.882,5712.57669,5488.55407,6080.48832,5284.91041
000905.SH,20250422,5634.8936,5651.5541,5617.8786,5624.209,5642.3805,-18.1715,-0.3221,124666689.0,164464321.33,-9249.80652,-8883.84313,125.99149,5602.39978,0.601,1.719,-1.986,5268.093,5680.713,6093.332,102.59021,59.6745,33.33308,65.22343,-293.28933,-272.63102,58.70209,68.85075,44.16724,13.99157,1.0,0.0,-295.83666,-388.55344,5608.07274,5674.26284,5597.04282,5724.98752,5602.43365,5771.91013,5750.95234,-1.47889,-1.64287,5619.53616,5767.72502,96.48193,68.0012,77.49478,5441.32752,5670.68238,5900.03724,1.0,0.0,5573.6011,5680.71272,5431.61866,5804.56414,5588.23698,5835.13688,5804.20038,13.56,-95.031,-88.251,26.38935,26.63621,56.82451,-221.2955,-304.18792,4220621.69771,66.667,63.889,-3.78574,-5.15648,44.584,44.737,52.175,5135.9655,5568.3135,6000.6615,-0.31296,-0.14624,121.13552,7.15,17.209,5694.42745,5471.11656,6080.72736,5285.11818
000905.SH,20250421,5556.5126,5646.2179,5535.6994,5642.3805,5560.7207,81.6598,1.4685,123111883.0,160264813.23,-8169.36418,-9230.21971,129.51685,5605.84312,0.917,1.708,-2.032,5267.772,5697.956,6128.14,109.85562,65.2584,6.84947,58.34053,-328.30567,-253.26405,60.0763,69.88599,43.31786,14.58021,0.0,3.0,-312.00042,-402.56627,5604.48691,5679.53167,5596.82462,5731.93776,5591.54597,5776.91695,5753.8005,-1.44702,-1.71342,5618.68656,5773.58281,105.55716,63.25442,77.35533,5427.82688,5674.83696,5921.84704,0.0,10.0,5543.8716,5697.95621,5430.22371,5817.54448,5583.90198,5834.52163,5807.28679,1.878,-96.726,-95.787,26.64213,26.63002,57.18301,-256.706,-320.86552,4233088.36661,66.667,63.889,-4.35162,-5.42593,45.799,45.328,55.575,5135.9655,5568.3135,6000.6615,-0.32884,-0.12336,142.81801,3.694,11.484,5688.35444,5465.28171,6081.29931,5285.61528
000905.SH,20250418,5546.9666,5579.4791,5525.4046,5560.7207,5557.0105,3.7102,0.0668,111644258.0,139804146.81,-11024.48017,-9958.64773,129.95539,5605.63992,-0.362,-0.149,-3.774,5269.05,5714.434,6159.817,98.994,58.93931,-24.39028,50.06287,-367.67254,-224.49457,62.87738,69.43247,48.16723,11.35918,0.0,2.0,-429.99729,-421.05366,5596.06611,5683.44232,5596.45871,5738.11412,5566.12871,5781.47751,5756.30432,-1.65367,-1.78824,5614.37857,5778.93801,91.23204,56.20396,67.87999,5330.39016,5681.86198,6033.3338,0.0,2.0,5508.33688,5714.4337,5429.02578,5829.92428,5580.85338,5832.90918,5809.91889,-17.804,-96.961,-105.863,26.74827,26.54426,50.72563,-332.1295,-339.01995,4220777.17831,66.667,63.889,-5.63614,-5.72536,38.946,42.027,41.236,5135.9655,5603.52505,6071.0846,-0.33993,-0.0989,121.79279,19.223,59.76,5691.31913,5468.13015,6081.9354,5286.16815
000905.SH,20250417,5527.5905,5604.6198,5526.8881,5557.0105,5556.8642,0.1463,0.0026,113652382.0,148283242.24,-10974.10703,-9468.73715,129.94176,5621.58429,-0.379,-0.709,-4.21,5275.728,5739.372,6203.016,98.19622,61.38376,-28.35271,49.2917,-342.93777,-185.45663,64.55879,68.7576,47.75702,11.27909,0.0,1.0,-443.82093,-426.67873,5603.92064,5696.36039,5596.74576,5750.34815,5568.83271,5788.96079,5760.69946,-1.65171,-1.82702,5624.13454,5787.84484,83.56314,50.36595,61.43168,5336.78985,5695.19467,6053.59949,0.0,1.0,5536.81526,5739.37196,5427.97727,5846.15937,5584.97292,5832.27149,5814.04556,-28.266,-94.735,-108.868,26.82135,26.38185,50.0249,-300.7616,-354.50075,4209612.75251,66.667,62.5,-5.1344,-5.97271,38.622,41.875,40.509,5135.9655,5622.5742,6109.1829,-0.34214,-0.07335,105.65413,45.371,61.953,5695.33803,5471.99145,6085.68426,5289.42651
000905.SH,20250416,5589.7769,5592.6741,5492.6546,5556.8642,5602.534,-45.6698,-0.8152,132537224.0,163751037.65,-9770.8581,-8792.00124,128.89205,5635.61445,-0.031,-1.154,-4.512,5285.377,5766.593,6247.809,99.9119,59.22078,-39.79168,45.21363,-309.87771,-146.10626,69.91551,67.48492,49.12688,10.5539,2.0,0.0,-446.54808,-448.24237,5614.34512,5711.02879,5597.06492,5763.68178,5574.74382,5796.82351,5765.27674,-1.7071,-1.69221,5636.33891,5797.26665,66.66985,44.83308,52.112,5355.76149,5709.12679,6062.49209,3.0,0.0,5571.02286,5766.59328,5427.24761,5859.28247,5582.38374,5832.52585,5818.34127,-39.083,-91.202,-110.743,26.6807,26.14613,44.47731,-359.1672,-393.06692,4198247.51431,58.333,59.722,-6.07108,-6.60215,38.611,41.869,40.485,5135.9655,5632.0976,6128.2297,-0.33988,-0.04755,108.54002,47.432,19.957,5693.64199,5470.36191,6090.15476,5293.31208
000905.SH,20250415,5625.0005,5626.677,5567.0271,5602.534,5627.1375,-24.6035,-0.4372,123273708.0,161900884.81,-8778.76105,-8378.39781,126.0586,5642.75916,1.49,-0.869,-4.06,5299.085,5795.415,6291.745,104.77216,62.90227,-30.53891,50.69609,-276.92869,-107.38476,74.72785,65.39635,47.01127,10.87138,1.0,0.0,-403.11728,-488.43621,5627.11866,5727.25665,5597.38782,5777.94506,5583.68363,5804.95773,5769.96017,-1.63969,-1.53652,5650.78886,5807.079,70.20226,41.19362,50.86317,5380.01515,5726.15091,6072.28667,1.0,0.0,5604.62146,5795.41516,5426.54507,5871.97467,5558.96522,5829.6064,5821.61987,-50.388,-86.317,-111.511,26.53545,25.85185,44.20723,-355.0677,-455.30103,4211501.23671,58.333,56.944,-5.95991,-7.60525,40.848,43.155,45.275,5135.9655,5648.5968,6161.2281,-0.33285,-0.02194,106.4726,41.729,11.272,5657.00341,5435.16014,6095.79295,5298.21256
000905.SH,20250414,5633.7792,5661.8049,5608.7297,5627.1375,5581.3184,45.8191,0.8209,155487077.0,207470466.69,-7905.35115,-8043.58678,124.6204,5638.45664,2.916,-0.953,-3.942,5314.832,5820.689,6326.547,109.13851,64.02,-26.92608,56.77097,-252.3532,-68.53135,78.99942,63.64171,44.90637,11.18094,0.0,5.0,-379.91365,-543.14775,5632.58192,5740.38535,5597.34649,5790.04238,5574.25844,5811.81955,5773.72256,-1.57531,-1.39992,5659.56247,5815.42777,68.75939,36.35885,47.15903,5382.72573,5739.56195,6096.39817,0.0,5.0,5630.14527,5820.68934,5425.73983,5881.41586,5503.84122,5825.71885,5823.34279,-71.001,-80.018,-115.519,26.35221,25.54052,50.23642,-321.3611,-531.85702,4223828.60751,66.667,52.778,-5.40239,-8.83655,42.051,43.85,47.815,5135.9655,5648.5968,6161.2281,-0.32066,0.00318,102.41926,38.656,6.593,5599.65244,5380.05822,6099.32598,5301.28333
000905.SH,20250411,5514.188,5631.5954,5510.8949,5581.3184,5544.0646,37.2538,0.672,164411663.0,227659789.7,-7257.54227,-7453.79333,126.66852,5644.547,1.403,-2.22,-4.985,5332.702,5844.332,6355.961,115.00718,65.71966,-50.51863,57.05002,-222.60616,-28.65605,79.69568,61.57996,47.68468,9.61439,0.0,4.0,-422.92472,-509.35748,5633.79179,5752.30617,5597.1072,5801.2772,5547.81891,5818.07996,5777.0166,-1.74405,-1.26959,5665.45792,5823.11309,58.28172,30.95875,40.06641,5396.30955,5750.82559,6105.34163,0.0,4.0,5659.03466,5844.33151,5424.37592,5889.17363,5435.82038,5822.87633,5825.31834,-100.631,-71.143,-121.459,26.12761,25.22541,43.17038,-365.6326,-526.26305,4208279.89981,66.667,47.222,-6.14824,-8.71821,38.983,42.188,42.838,5135.9655,5648.5968,6161.2281,-0.29853,0.0277,105.02266,46.845,42.218,5540.99145,5323.69766,6101.96036,5303.57302
000905.SH,20250410,5534.559,5610.1895,5513.9544,5544.0646,5439.7716,104.293,1.9172,211963035.0,268666431.28,-7598.17477,-6853.81395,125.75332,5649.36243,-0.234,-3.388,-5.908,5364.26,5864.964,6365.668,103.63784,61.56663,-67.15527,50.71996,-185.49265,11.00294,75.98757,57.14523,52.65856,8.59965,0.0,3.0,-463.74772,-458.61887,5645.45254,5770.30488,5597.23402,5816.44677,5531.06916,5826.10577,5781.41431,-1.88841,-1.10607,5680.75602,5832.98226,44.05636,26.40493,32.28874,5417.22039,5769.37535,6121.53031,0.0,3.0,5696.66299,5864.96394,5422.94587,5904.09587,5488.6576,5820.88079,5826.53123,-128.088,-58.564,-122.608,25.77379,24.95584,35.94501,-425.0143,-500.14613,4191838.73351,58.333,43.056,-7.12027,-8.26361,36.476,40.822,38.89,5135.9655,5648.5968,6161.2281,-0.26168,0.05126,104.96204,52.804,49.031,5597.62969,5378.1148,6108.20699,5309.00234
000905.SH,20250409,5249.6841,5465.1449,5135.9655,5439.7716,5326.914,112.8576,2.1186,245118027.0,288257435.8,-8109.98606,-6196.79397,120.20308,5657.53575,-3.124,-5.787,-8.006,5406.249,5889.786,6373.322,106.89559,54.23832,-153.82951,40.89061,-146.84646,48.30626,72.9564,52.16835,56.83089,1.77896,0.0,2.0,-573.20279,-400.80286,5667.98319,5794.11965,5597.66108,5835.23175,5524.57144,5835.66649,5786.74802,-2.11381,-0.92795,5705.609,5844.77482,25.31022,23.46302,24.07875,5464.23318,5791.8286,6119.42402,0.0,2.0,5737.10639,5889.78553,5421.39635,5921.01839,5559.66198,5819.89113,5828.65995,-151.892,-42.553,-118.499,25.40703,24.73542,27.77359,-532.1586,-463.8322,4170642.43001,50.0,40.278,-8.911,-7.64283,28.989,36.82,27.15,5135.9655,5648.5968,6161.2281,-0.2107,0.07337,102.3367,64.866,62.057,5669.36931,5447.0411,6118.09552,5317.59704
000905.SH,20250408,5279.7566,5371.1834,5249.2318,5326.914,5287.0333,39.8807,0.7543,223840665.0,261875349.4,-12713.57231,-5755.36164,108.8472,5727.41518,-6.296,-8.445,-10.237,5479.071,5920.046,6361.02,104.20592,58.03902,-239.77116,36.90139,-99.61971,83.59256,65.05433,44.61165,61.47083,2.06288,0.0,1.0,-687.71111,-328.15243,5718.69688,5831.41945,5598.92927,5862.50486,5566.97136,5849.08665,5794.54524,-2.12045,-0.72053,5753.94308,5861.30556,9.34243,23.15515,18.55091,5564.0457,5838.6568,6113.2679,0.0,1.0,5787.82433,5920.04566,5420.77494,5939.02485,5650.2777,5819.67995,5832.10966,-154.691,-23.567,-100.912,24.915,24.55999,18.33553,-732.5719,-397.83825,4146130.62731,41.667,38.889,-12.08967,-6.53636,19.588,32.054,11.886,5212.6773,5686.9527,6161.2281,-0.14684,0.09318,99.61852,85.503,84.221,5776.69364,5550.15663,6146.88577,5342.62034
000905.SH,20250407,5523.9636,5587.8502,5212.6773,5287.0333,5845.5045,-558.4712,-9.5539,236522656.0,267397400.61,-15453.64437,-4809.27029,106.23506,5823.48851,-8.577,-10.074,-11.29,5606.339,5954.381,6302.423,88.23636,49.02141,-354.38756,38.89044,-40.61081,116.17612,56.06485,38.24296,64.05004,4.06442,2.0,0.0,-731.38651,-225.37991,5805.75974,5884.52528,5601.11413,5899.44216,5687.00005,5866.78742,5805.05381,-2.00263,-0.50131,5831.58473,5883.11746,10.81855,25.45727,20.5777,5622.63955,5893.69685,6164.75415,122.0,0.0,5852.04082,5954.38092,5420.64627,5962.96015,5756.44932,5821.36145,5839.42521,-122.551,-4.23,-65.506,24.66749,24.45132,26.6553,-814.4036,-296.48712,4123746.56081,33.333,38.889,-13.34773,-4.86484,15.985,30.273,6.092,5212.6773,5686.9527,6161.2281,-0.07988,0.11008,81.89179,90.564,90.231,5886.44678,5655.60573,6197.44766,5386.56666
000905.SH,20250403,5842.6167,5906.7057,5817.9662,5845.5045,5899.0865,-53.582,-0.9083,134938625.0,173662140.19,-6125.37436,-3454.88613,78.49508,5927.96461,-0.836,-1.71,-2.328,5824.927,5990.718,6156.509,99.93114,69.06655,-104.64786,66.1747,22.70687,144.38675,48.284,31.08414,42.82794,9.30341,1.0,0.0,-177.17204,-107.13157,5921.03229,5947.41918,5603.63687,5941.67726,5886.98342,5886.4401,5816.69472,-0.4384,-0.29534,5930.59408,5907.44743,22.65118,27.89706,26.14843,5781.26043,5949.61017,6117.95991,31.0,0.0,5920.53051,5990.71799,5421.0364,5988.62786,5882.24894,5825.67452,5847.26251,-52.779,11.088,-15.301,24.46157,24.38012,35.98486,-287.7973,-175.31527,4147398.82641,33.333,40.278,-4.69237,-2.88111,37.625,46.703,26.188,5802.4187,5981.8234,6161.2281,-0.02675,0.12405,82.57086,83.963,78.266,6005.59227,5770.07884,6259.20176,5440.24078
000905.SH,20250402,5884.8925,5936.6467,5884.1126,5899.0865,5892.8502,6.2363,0.1058,112159960.0,140642079.45,-4206.74797,-2791.68052,79.64999,5941.80247,-0.218,-1.207,-1.443,5847.498,6000.831,6154.165,100.82351,78.56964,-74.53842,86.61071,50.56592,167.53628,43.46425,25.96771,35.33368,13.67529,0.0,2.0,-118.49307,-81.97195,5937.81624,5958.14704,5601.69416,5948.30986,5907.72288,5887.82775,5816.04731,-0.30597,-0.2514,5946.06491,5909.97571,27.52442,28.77138,28.35572,5798.02531,5959.38751,6120.74971,0.0,2.0,5941.92865,6000.83143,5419.5177,5992.3626,5904.66838,5823.67832,5848.2747,-51.095,17.686,-7.862,24.51017,24.33711,44.70194,-208.9311,-138.20247,4160892.68891,41.667,41.667,-3.4206,-2.27953,42.709,49.156,35.57,5802.4187,5981.8234,6161.2281,-0.00637,0.13581,96.82343,68.488,51.238,6025.58174,5789.28441,6259.3072,5440.33242
000905.SH,20250401,5870.9424,5931.5038,5867.848,5892.8502,5857.7721,35.0781,0.5988,136448602.0,179327950.53,-5634.82378,-2108.68456,80.19157,5950.20684,-0.458,-1.599,-1.636,5855.369,6003.412,6151.456,102.26299,70.6297,-95.23483,87.33216,77.33725,188.45028,38.3029,22.34562,41.89266,12.60672,0.0,1.0,-116.85164,-66.01703,5946.42285,5964.36394,5599.30546,5951.70457,5912.04106,5887.4461,5814.18126,-0.41028,-0.21089,5954.60644,5910.42017,15.67135,28.9792,24.54325,5802.7396,5964.94248,6127.14536,0.0,1.0,5962.16369,6003.41228,5417.89501,5993.85579,5914.5508,5823.67494,5847.5408,-55.56,24.073,-3.707,24.45127,24.29653,38.15014,-207.1307,-114.5179,4149676.69291,41.667,40.278,-3.3956,-1.89462,41.871,48.857,33.251,5802.4187,5981.8234,6161.2281,0.01376,0.14709,84.16469,72.244,54.383,6035.64875,5798.95665,6258.44926,5439.58674
000905.SH,20250331,5886.956,5908.3026,5802.4187,5857.7721,5916.0314,-58.2593,-0.9848,154256090.0,189563392.18,-5430.65075,-1256.9416,81.486,5963.65397,-1.262,-2.465,-2.329,5863.112,6005.651,6148.19,94.655,64.38635,-147.64105,78.89717,111.60546,205.58492,31.38031,19.12582,42.43545,15.49016,2.0,0.0,-137.30021,-45.09191,5958.32788,5971.8917,5596.94768,5955.7635,5921.6365,5887.26291,5812.41341,-0.40232,-0.17438,5965.83485,5911.13731,3.83154,31.19718,22.0753,5813.9535,5972.05214,6130.15078,28.0,0.0,5986.20885,6005.65128,5416.2365,5992.11782,5925.37096,5823.78021,5847.89228,-57.467,31.018,2.284,24.35444,24.27468,39.55781,-136.1949,-93.11187,4136031.83271,41.667,38.889,-2.2722,-1.54556,37.129,47.179,19.702,5802.4187,5981.8234,6161.2281,0.03673,0.15825,71.56619,84.573,72.078,6047.50393,5810.34691,6257.59697,5438.84596
000905.SH,20250328,5954.7297,5973.8015,5904.9159,5916.0314,5957.6017,-41.5703,-0.6978,134261927.0,168899478.62,-2007.4167,-361.75298,81.44079,5979.15846,-0.599,-1.681,-1.442,5869.901,6007.051,6144.202,106.23212,77.37938,-99.34018,92.10008,146.39983,217.8043,24.16896,17.09879,36.15362,15.65378,1.0,0.0,-71.07602,-19.24125,5980.67361,5983.90429,5594.8527,5962.52152,5953.5687,5888.2626,5811.39412,-0.27232,-0.13773,5985.48262,5913.31548,2.33847,35.75812,24.61824,5842.60547,5984.25085,6125.89623,18.0,0.0,6011.2334,6007.05115,5414.9192,5995.14941,5947.63232,5824.26835,5850.34265,-49.463,38.201,13.47,24.26297,24.26948,46.63497,-124.4651,-66.87492,4151457.44171,41.667,38.889,-2.06051,-1.10741,42.395,49.778,27.399,5843.4633,6002.3457,6161.2281,0.06142,0.16916,85.74791,88.089,82.385,6066.9773,5829.05663,6257.33683,5438.61986
000905.SH,20250327,5932.5165,6000.6615,5891.7664,5957.6017,5948.4986,9.1031,0.153,134708904.0,176590477.35,-1257.74844,348.06562,87.08823,5989.60338,-0.301,-1.161,-0.838,5857.771,6004.243,6150.716,110.73478,80.57093,-92.2817,79.05506,173.98368,224.76367,20.42106,14.72248,37.7262,15.64201,0.0,2.0,-21.89647,11.66288,5995.03854,5991.0488,5592.27295,5965.72774,5972.33734,5887.32128,5809.04272,-0.28537,-0.11553,5998.11011,5913.20463,10.25992,41.32806,30.97201,5837.63682,5989.79484,6141.95286,0.0,2.0,6029.62835,6004.24312,5413.07166,5996.20823,5958.81208,5823.00598,5854.16276,-45.531,44.384,21.618,24.24027,24.28722,45.83649,-87.3725,-25.82145,4164883.63441,41.667,40.278,-1.44537,-0.42195,46.729,51.727,35.69,5843.4633,6002.3457,6161.2281,0.08305,0.1797,98.67775,73.155,66.981,6080.03126,5841.59867,6256.36201,5437.77259
000905.SH,20250326,5935.8537,5983.4739,5935.8537,5948.4986,5946.951,1.5476,0.026,136702111.0,171695842.02,-1027.97494,1082.22536,87.85125,5999.26551,-0.851,-1.431,-1.058,5862.586,6007.812,6153.038,118.91809,88.02387,-99.57954,76.63604,187.54053,227.08294,13.88428,11.8865,34.67571,16.548,0.0,1.0,-26.21428,43.86119,6003.35784,5994.56955,5589.33858,5966.28815,5979.70517,5884.9389,5805.70431,-0.24703,-0.1008,6005.47528,5911.3925,6.09406,46.50608,33.03541,5843.12441,5993.98273,6144.84105,0.0,1.0,6033.26488,6007.81232,5410.81296,5994.23021,5979.18892,5821.96694,5857.56588,-45.205,50.075,27.472,24.20355,24.33377,44.43639,-65.1205,24.68518,4151412.74401,41.667,43.056,-1.08288,0.42965,45.613,51.327,31.931,5843.4633,6002.3457,6161.2281,0.10356,0.18965,101.59064,76.425,73.254,6104.30239,5864.91799,6255.32204,5436.86869
000905.SH,20250325,5969.4164,5993.9312,5929.6734,5946.951,5969.0789,-22.1279,-0.3707,147483948.0,192227014.82,-3695.6628,1852.93095,89.57101,6011.56547,-1.383,-1.545,-1.09,5869.217,6012.974,6156.732,103.37319,77.3055,-115.10456,80.13705,206.01659,228.59413,8.47118,10.09714,32.70111,25.06213,5.0,0.0,-22.76355,84.89258,6015.54878,5999.41912,5586.45376,5967.51502,5995.30845,5882.78433,5802.49545,-0.14748,-0.0926,6015.83468,5909.87796,6.81423,53.24142,37.76569,5844.77011,5997.98701,6151.20391,14.0,0.0,6042.46467,6012.97439,5408.67942,5993.96459,6009.77658,5819.80115,5861.81162,-40.509,55.726,35.472,24.26668,24.42235,51.54086,-66.8237,81.11043,4137742.53291,33.333,47.222,-1.11118,1.38783,45.435,51.261,31.363,5843.4633,6002.3457,6161.2281,0.12475,0.19834,88.13255,76.981,76.981,6134.46089,5893.89379,6254.33324,5436.00926
000905.SH,20250324,5973.0466,5987.0606,5882.878,5969.0789,5971.9302,-2.8513,-0.0477,169192435.0,220094329.26,-3252.65879,2838.70004,90.79796,6029.45932,-1.455,-1.27,-0.719,5873.198,6014.625,6156.052,98.77576,78.13112,-123.90392,70.86722,226.21592,228.81404,6.38834,9.10162,32.727,25.60952,4.0,0.0,8.69904,124.03721,6030.79273,6004.94208,5583.5582,5968.93323,6019.48717,5880.60919,5799.24926,-0.14888,-0.07804,6028.35898,5908.36478,13.45876,60.97928,45.13911,5841.53932,6002.31702,6163.09472,12.0,0.0,6052.26699,6014.62511,5406.58649,5991.0089,6047.04674,5819.30488,5864.87267,-30.933,60.789,45.323,24.32013,24.52291,51.82405,-78.6945,105.41972,4152490.92771,33.333,51.389,-1.30121,1.7915,47.474,52.229,34.828,5843.4633,6002.3457,6161.2281,0.1445,0.20555,102.74164,69.031,69.031,6171.41199,5929.39584,6253.2615,5435.07775
000905.SH,20250321,6038.9899,6071.0846,5951.7952,5971.9302,6059.4859,-87.5557,-1.4449,174103785.0,225801003.41,-1909.80277,3710.2373,89.18075,6048.53155,-1.762,-1.329,-0.584,5878.016,6018.42,6158.824,110.57427,86.18994,-45.27452,83.74974,241.49544,226.61952,6.87133,8.36375,27.44061,25.71363,3.0,0.0,17.80375,158.56379,6044.50692,6008.71715,5580.46165,5968.92318,6044.69131,5877.61022,5795.43287,-0.04293,-0.06494,6039.13718,5905.88665,18.87446,68.89937,52.2244,5854.32649,6008.20943,6162.09237,11.0,0.0,6056.72101,6018.41981,5404.47438,5988.32464,6074.83448,5818.18549,5867.87801,-19.343,64.656,54.984,24.32328,24.6376,58.16654,21.2268,126.5756,4169410.17121,41.667,54.167,0.35671,2.14123,47.727,52.351,35.246,5843.4633,6002.3457,6161.2281,0.16036,0.21129,119.35709,86.708,90.386,6203.86334,5960.57459,6251.85579,5433.85597
000905.SH,20250320,6094.8426,6109.1829,6055.3811,6059.4859,6101.4369,-41.951,-0.6876,147187865.0,203849586.2,506.68177,4400.77743,89.14774,6063.51934,-0.382,0.146,0.89,5883.008,6022.677,6162.345,113.43136,90.70279,58.44262,106.60401,254.20214,223.434,10.02861,9.70303,18.31796,25.8653,2.0,0.0,114.34877,176.20073,6060.63508,6012.58946,5577.31733,5968.7158,6081.07186,5874.41293,5791.46663,0.0586,-0.06056,6051.35663,5903.191,60.59859,77.23686,71.69077,5863.62513,6009.25569,6154.88625,4.0,0.0,6060.90546,6022.67654,5401.98503,5983.72657,6100.44462,5816.79693,5869.58753,-1.696,67.074,66.226,24.3694,24.76314,57.98477,121.8557,125.37142,4186820.54971,50.0,55.556,2.05226,2.1208,56.147,56.214,50.875,5843.4633,6002.3457,6161.2281,0.17118,0.2154,116.63523,46.603,47.666,6219.76181,5975.84958,6251.23955,5433.32036
000905.SH,20250319,6117.4233,6128.2297,6076.5643,6101.4369,6133.3018,-31.8649,-0.5195,153893780.0,218871992.19,2623.21162,4782.59167,89.31575,6062.95952,0.36,1.009,1.668,5876.227,6017.58,6158.933,126.22412,99.27123,96.91041,119.92068,259.70596,219.66102,9.02389,9.80041,22.22142,23.20264,1.0,0.0,171.29338,189.0178,6060.89045,6007.653,5573.44449,5962.4558,6091.86484,5868.13927,5785.44373,-0.08166,-0.07569,6049.87858,5896.81161,82.49353,80.0099,80.83778,5845.13081,6002.36857,6159.60633,2.0,0.0,6059.73421,6017.57957,5398.85629,5973.34042,6087.34084,5813.27487,5870.17069,6.821,67.286,70.697,24.51955,24.88472,56.79577,215.6673,104.31605,4201539.33621,58.333,55.556,3.66422,1.76641,60.864,58.186,61.82,5843.4633,6002.3457,6161.2281,0.17375,0.21807,133.10833,27.387,28.012,6204.58207,5961.26512,6249.36425,5431.69043
000905.SH,20250318,6126.0357,6161.2281,6114.2064,6133.3018,6108.0176,25.2842,0.414,166023043.0,236342189.39,2882.60582,4816.61053,92.1721,6054.02308,1.041,1.84,2.343,5870.374,6009.702,6149.03,122.47965,99.05286,155.26738,132.53387,248.68367,214.83462,9.88871,10.0713,20.76456,22.00957,0.0,3.0,219.97409,196.57219,6051.88013,5997.78101,5569.20358,5952.87089,6087.07882,5860.23087,5778.34276,-0.07247,-0.074,6040.50434,5888.45956,95.65931,79.59596,84.95041,5833.30957,5991.87295,6150.43633,0.0,81.0,6044.66086,6009.70184,5395.85095,5957.10543,6075.15276,5810.12762,5868.25371,9.339,66.433,71.103,24.73505,24.96857,55.49452,273.431,66.3564,4216928.71421,66.667,54.167,4.66616,1.12244,64.645,59.71,71.566,5831.4815,5996.3548,6161.2281,0.17229,0.21986,131.45516,10.393,12.792,6194.91157,5951.97387,6245.39598,5428.24136
000905.SH,20250317,6119.6064,6129.8543,6098.5079,6108.0176,6099.9809,8.0367,0.1317,184317273.0,250160671.11,3521.23545,4831.62009,96.14501,6028.0712,0.956,1.805,2.058,5849.428,5995.072,6140.717,121.46786,99.74716,150.78876,109.49351,233.79922,211.11844,11.72311,10.41235,20.31819,20.02464,0.0,2.0,212.10424,193.83422,6033.78643,5983.51566,5564.67267,5940.42738,6063.96733,5850.97423,5770.36615,-0.07257,-0.08442,6023.63207,5878.466,97.62693,76.91874,83.82147,5808.83048,5976.67584,6144.5212,0.0,80.0,6025.0937,5995.07231,5392.72505,5938.97347,6057.48724,5807.71079,5864.90393,4.153,65.266,67.342,24.87004,24.98818,56.19113,79.032,30.13,4200326.40991,58.333,51.389,1.31087,0.50161,62.972,58.891,68.257,5816.0511,5972.9527,6129.8543,0.16968,0.2208,133.37297,7.625,11.681,6171.23722,5929.22791,6238.61291,5422.3458
000905.SH,20250314,5993.9702,6099.9809,5978.5321,6099.9809,5993.967,106.0139,1.7687,219245834.0,289038080.53,5090.76927,4755.3582,98.5326,6014.87993,1.086,1.783,2.101,5849.86,5987.107,6124.355,135.42677,108.76112,102.32884,105.38242,215.99356,207.82019,11.81491,11.5502,23.13269,17.06358,0.0,1.0,215.8585,196.24782,6017.29061,5970.41019,5560.30846,5928.86943,6041.94219,5842.2609,5762.77848,-0.15282,-0.0958,6008.28925,5869.09655,94.06386,73.46737,80.33287,5778.30011,5962.41787,6146.53563,0.0,58.0,6002.8689,5987.10742,5389.84825,5923.70457,6038.60754,5807.58373,5862.60696,-1.218,64.747,64.138,25.00831,24.97164,48.85445,48.2408,28.60673,4181894.68261,50.0,51.389,0.79714,0.47912,62.454,58.635,67.247,5816.0511,5958.016,6099.9809,0.16974,0.22081,135.51784,0.0,0.0,6150.64218,5909.44053,6232.75208,5417.25181
000905.SH,20250313,6032.8545,6050.1782,5947.7816,5993.967,6040.4965,-46.5295,-0.7703,193710717.0,253622427.44,6083.84896,4620.95821,95.83651,6005.2134,-0.528,0.081,0.475,5851.567,5979.498,6107.429,139.72451,111.02073,12.07501,97.99766,197.17639,206.50276,9.85617,13.92819,23.98418,15.27215,2.0,0.0,123.6254,207.96408,5998.91499,5956.77117,5555.97374,5917.06864,6012.92283,5833.52463,5755.2009,-0.17321,-0.09173,5991.61804,5859.6727,71.42866,70.03462,70.4993,5756.00403,5952.19891,6148.39379,5.0,0.0,5978.85789,5979.49817,5386.96452,5906.5137,6021.3663,5806.70247,5859.69533,-9.932,64.899,59.933,25.07649,24.91033,49.30764,14.0017,55.07697,4159970.09921,50.0,54.167,0.23414,0.93712,54.815,55.098,49.64,5816.0511,5957.14315,6098.2352,0.17272,0.21913,133.84199,40.926,67.13,6140.73509,5899.92195,6228.64052,5413.67821
000905.SH,20250312,6068.3762,6098.2352,6038.8221,6040.4965,6044.9742,-4.4777,-0.0741,184763537.0,267906301.21,6679.08099,4815.49235,94.11091,6003.5604,0.365,0.878,1.368,5842.226,5974.713,6107.2,142.54434,124.61693,100.3672,113.77231,202.6524,207.57182,9.37745,16.39576,17.02429,21.25559,1.0,0.0,191.25121,222.49993,6000.01454,5952.85582,5552.45572,5911.76531,6022.40075,5828.0859,5749.83537,-0.01642,-0.08248,5991.19096,5854.1913,89.03144,69.80228,76.212,5746.90381,5947.45049,6147.99717,1.0,0.0,5982.35975,5974.71288,5384.37583,5893.61678,6032.12758,5806.67125,5857.67934,-3.304,66.141,64.488,25.0989,24.81033,57.33743,-4.4765,53.07397,4179341.17091,50.0,55.556,-0.07405,0.90365,59.702,57.154,61.789,5816.0511,5957.14315,6098.2352,0.18046,0.21536,153.95628,22.663,28.069,6148.11979,5907.01706,6228.1141,5413.22067
000905.SH,20250311,5944.4197,6044.9742,5942.9124,6044.9742,6013.6191,31.3551,0.5214,173855643.0,245205106.22,6162.02804,5307.09366,96.10118,5995.89117,0.726,0.946,1.651,5840.018,5969.715,6099.411,135.4522,116.35832,40.60835,111.02677,208.21567,206.85983,10.57694,20.87993,17.05244,19.75764,0.0,1.0,216.61967,226.68269,5991.01855,5943.63049,5548.53572,5902.8873,6013.35287,5820.88554,5743.30365,-0.03103,-0.06985,5982.22631,5846.587,93.75351,66.59742,75.64945,5730.62188,5935.689,6140.75612,0.0,2.0,5983.48411,5969.71455,5380.95003,5880.06439,6014.16896,5805.11479,5855.93739,-3.853,66.554,64.627,25.02264,24.66942,57.49046,-12.0906,52.12575,4197817.52461,50.0,56.944,-0.19961,0.88751,60.175,57.351,63.026,5816.0511,5947.534,6079.0169,0.18546,0.20914,157.6409,9.993,9.993,6124.24101,5884.07469,6224.92996,5410.45314
000905.SH,20250310,6022.6814,6041.5219,5971.8131,6013.6191,6013.7747,-0.1556,-0.0026,173044336.0,248513462.3,5462.71386,5672.04321,94.14787,5987.40912,0.648,0.406,1.43,5826.876,5960.38,6093.884,134.62622,126.51147,44.20701,111.39428,204.27076,204.68867,10.25389,25.66476,14.80184,19.58786,2.0,0.0,203.54628,221.81905,5979.02841,5932.96273,5544.54826,5893.0882,5997.54221,5813.28932,5736.52454,-0.00348,-0.03545,5970.81761,5838.48957,81.26996,62.07141,68.47093,5725.35228,5927.76642,6130.18056,2.0,0.0,5976.98322,5960.37986,5378.00135,5865.70962,5992.70016,5804.0185,5853.32309,-7.253,67.035,63.409,24.85269,24.51365,57.91084,56.0726,52.05893,4180431.96031,50.0,58.333,0.9412,0.88548,58.04,56.339,58.135,5816.0511,5947.534,6079.0169,0.19125,0.20037,155.93258,23.999,23.999,6103.0236,5863.68934,6222.88647,5408.67702
000905.SH,20250307,6029.3813,6067.3481,5989.3206,6013.7747,6047.7734,-33.9987,-0.5622,207437149.0,301122130.06,4995.59849,6081.17148,93.73329,5973.02844,1.085,0.487,1.736,5819.472,5954.126,6088.781,135.27112,136.478,69.5554,124.79073,209.64022,201.69669,9.10159,29.05021,19.21446,18.72937,1.0,0.0,226.58584,219.64651,5971.34159,5924.47258,5540.78062,5884.77572,5989.50376,5806.49848,5730.2977,-0.07754,0.00321,5963.03552,5831.34142,76.37362,58.87165,64.70564,5716.37708,5919.21712,6122.05716,1.0,0.0,5980.11861,5954.12645,5374.72873,5851.49878,5967.13026,5802.15795,5850.13515,-7.637,67.942,64.123,24.7708,24.35504,57.1639,69.8924,29.27032,4197736.39391,58.333,58.333,1.17587,0.50232,58.055,56.346,58.167,5816.0511,5947.534,6079.0169,0.19937,0.18909,156.68105,27.697,23.929,6079.91011,5841.48227,6221.10421,5407.12796
000905.SH,20250306,5980.3798,6062.5412,5972.6039,6047.7734,5950.7034,97.07,1.6312,213042852.0,320542701.86,4324.8242,6503.14269,97.21668,5963.61343,1.613,1.153,2.574,5803.774,5945.137,6086.501,132.92187,133.69975,86.73646,149.51524,216.4724,196.88951,11.2855,33.9258,19.20014,20.52959,0.0,4.0,286.1561,245.91325,5961.91201,5915.07236,5536.98147,5875.87924,5977.3683,5799.47216,5723.92743,-0.06651,0.05442,5953.81021,5823.89516,65.15957,55.95466,59.02296,5697.28158,5908.24196,6119.20234,0.0,5.0,5984.44762,5945.13713,5371.46448,5835.89408,5936.34948,5799.91619,5847.49746,-9.619,68.896,64.087,24.64044,24.17255,64.73018,207.0622,46.07243,4218480.10881,66.667,58.333,3.54515,0.79199,61.037,57.709,64.605,5741.7326,5910.37475,6079.0169,0.20843,0.17515,164.22121,13.264,7.564,6053.90762,5816.49947,6218.67552,5405.01704
000905.SH,20250305,5937.1074,5955.8988,5892.5332,5950.7034,5937.6302,13.0732,0.2202,163071500.0,241738025.09,2963.40019,6854.24811,99.20972,5942.21619,-0.029,-0.182,1.259,5772.797,5930.144,6087.49,118.93226,121.42851,-28.69193,146.46209,211.44192,189.52395,18.00021,38.49869,20.00779,13.52847,0.0,3.0,210.84047,269.68299,5942.8317,5901.10383,5532.87872,5864.02447,5942.16574,5791.05517,5716.64999,-0.16623,0.10288,5936.72599,5814.75728,26.65811,54.42051,45.16637,5695.64858,5895.6738,6095.69902,0.0,3.0,5975.42493,5930.14352,5367.97876,5818.3836,5932.59192,5797.98865,5844.23165,-20.904,70.099,59.647,24.4765,23.99159,64.67398,1.9837,38.76027,4197175.82361,58.333,56.944,0.03335,0.66301,54.985,54.711,51.952,5597.3246,5838.17075,6079.0169,0.21932,0.15881,159.69685,54.473,51.481,6050.44501,5813.17265,6214.90304,5401.73815
000905.SH,20250304,5845.4712,5943.0837,5843.4633,5937.6302,5885.7696,51.8606,0.8811,153922211.0,231145314.81,3032.70145,7383.94313,98.91548,5931.62078,-0.331,-0.399,1.284,5704.803,5913.328,6121.853,123.41847,132.037,-61.05514,141.60732,211.52185,180.61583,23.41408,43.407,19.94311,13.78716,0.0,2.0,216.34778,297.84157,5941.08243,5895.88282,5529.5227,5858.04662,5937.89692,5785.64337,5711.39036,-0.175,0.15081,5934.18465,5809.20846,16.86328,59.04757,44.98614,5681.61496,5891.73998,6101.865,0.0,2.0,5974.74282,5913.32771,5364.73209,5805.76922,5952.79926,5797.87067,5841.493,-19.433,72.712,62.995,24.25346,23.85348,65.4393,-10.1658,62.75915,4180868.67361,58.333,56.944,-0.17092,1.07449,54.105,54.293,49.943,5588.5558,5833.78635,6079.0169,0.23693,0.14038,158.26669,57.118,57.396,6069.99695,5831.95786,6214.71485,5401.57459
000905.SH,20250303,5875.9522,5964.2684,5851.56,5885.7696,5859.8708,25.8988,0.442,185024581.0,266955659.88,2758.61658,7723.64984,98.2686,5939.56454,-1.497,-1.283,0.616,5644.627,5895.913,6147.2,123.11665,135.82427,-71.3968,145.76064,200.81672,168.40528,31.18293,48.44671,19.36943,17.38094,0.0,1.0,187.43787,339.51006,5941.84959,5891.48836,5526.24473,5852.55809,5938.03028,5780.49127,5706.30632,-0.11617,0.20365,5933.55818,5803.96675,10.31579,66.07829,47.49079,5673.28752,5890.02218,6106.75684,0.0,1.0,5965.05092,5895.91336,5361.5454,5787.23813,5961.26628,5796.44247,5838.18621,-14.913,75.141,67.684,24.08799,23.77438,65.91234,-12.4915,113.96542,4165476.45251,58.333,58.333,-0.21178,1.96436,50.592,52.63,41.918,5588.5558,5833.78635,6079.0169,0.25505,0.11986,156.84322,73.488,83.344,6085.24877,5846.61156,6214.66506,5401.53131
000905.SH,20250228,5997.9175,6007.4724,5847.1512,5859.8708,6028.9856,-169.1148,-2.805,205223814.0,298290643.73,3746.76933,7991.32577,97.13087,5957.84522,-2.397,-1.734,0.367,5610.869,5884.122,6157.376,121.5311,135.81392,-58.19463,141.52061,202.81923,154.72911,41.07563,54.63379,20.73642,18.02208,2.0,0.0,190.511,391.85172,5954.31181,5892.09034,5523.35698,5850.26764,5964.16061,5776.92251,5702.27344,-0.08997,0.24775,5942.24701,5800.62786,30.06731,75.37204,60.27046,5678.90317,5888.91581,6098.92845,7.0,0.0,5971.34593,5884.1224,5358.56874,5770.02185,5993.10696,5794.30625,5832.99976,1.919,77.005,77.965,23.90101,23.74681,66.00788,-80.6591,189.82693,4146973.99441,50.0,61.111,-1.35778,3.31378,48.799,51.791,37.765,5570.48,5824.74845,6079.0169,0.27219,0.09715,154.97672,83.336,94.514,6115.27624,5875.46148,6214.65197,5401.51994
000905.SH,20250227,6050.1864,6064.491,5940.3354,6028.9856,6051.7401,-22.7545,-0.376,216652930.0,328254761.44,8029.19035,7548.29377,94.71084,5970.15811,0.148,0.988,3.465,5567.399,5870.342,6173.285,133.63224,152.87817,81.83459,190.86198,207.86707,138.24724,48.99882,60.82837,15.17824,20.27743,1.0,0.0,384.18628,429.49623,5975.2987,5895.48187,5520.65406,5849.60536,6016.30552,5774.11071,5698.73192,0.09727,0.29737,5957.22451,5798.20978,80.37594,82.92282,82.07386,5700.08934,5887.24048,6074.39162,1.0,0.0,5980.13845,5870.3416,5355.73017,5756.57903,6032.54576,5793.39069,5828.56883,31.648,76.765,92.589,23.67587,23.77941,72.80836,170.7051,264.63733,4167496.37581,58.333,65.278,2.91391,4.63801,62.348,58.25,61.813,5570.48,5824.74845,6079.0169,0.28196,0.0721,160.58678,19.026,31.576,6143.06018,5902.15586,6214.56266,5401.44231
000905.SH,20250226,5990.2901,6055.8727,5973.8574,6051.7401,5979.9653,71.7748,1.2003,210860898.0,327265336.67,11595.09407,6240.6969,91.81034,5959.11399,0.764,1.611,4.216,5534.882,5849.245,6163.608,166.46081,195.01854,113.98158,196.61551,195.53245,117.91089,56.56611,66.25966,12.21257,31.12091,0.0,1.0,428.77453,432.7689,5963.36828,5881.42884,5516.57107,5837.23431,6009.96548,5765.47088,5691.31049,0.27858,0.32892,5944.17704,5788.79036,81.17645,83.3473,82.62369,5698.28773,5874.18467,6050.08161,0.0,2.0,5967.066,5849.24529,5352.0525,5737.66571,6018.25794,5787.74891,5822.38633,39.761,72.809,92.69,23.55468,23.90092,80.13949,163.1892,285.17513,4189161.66881,58.333,66.667,2.7713,5.01942,64.559,59.202,66.566,5567.7793,5823.3981,6079.0169,0.27739,0.04521,192.50151,10.373,11.019,6130.34045,5889.93495,6208.55913,5396.22429
000905.SH,20250225,5967.0367,6044.7559,5956.1761,5979.9653,6044.973,-65.0077,-1.0754,206833953.0,340316449.16,9811.52357,4565.96504,91.18041,5942.14238,0.155,0.636,3.373,5515.065,5828.355,6141.644,173.48835,182.70966,90.30086,180.28654,186.50406,96.31156,58.99717,69.85162,11.5681,36.43587,2.0,0.0,379.79199,409.0442,5943.7301,5863.50134,5512.27253,5822.4408,5989.07817,5755.76684,5683.21095,0.34446,0.34048,5924.62012,5778.05772,69.94749,83.70911,79.12191,5678.74475,5858.08235,6037.41995,2.0,0.0,5955.94498,5828.35453,5347.06915,5718.76387,5996.68638,5782.48073,5817.45758,42.628,67.839,89.153,23.6479,24.073,79.87378,145.977,300.71967,4168075.57901,58.333,68.056,2.50218,5.32295,60.51,57.081,58.097,5567.7793,5823.3981,6079.0169,0.26898,0.01708,186.90615,37.667,37.667,6106.44093,5866.97266,6199.89092,5388.69024
000905.SH,20250224,6057.3801,6079.0169,6007.1786,6044.973,6057.0648,-12.0918,-0.1996,243813798.0,382362648.27,9553.99657,3025.20787,90.63502,5931.36063,1.333,1.938,4.804,5491.675,5810.073,6128.471,158.05459,187.52901,134.06678,222.51011,174.35094,72.95877,63.39993,71.67552,7.95399,37.32095,1.0,0.0,466.35868,408.90282,5935.67784,5851.24198,5508.51596,5811.57704,5993.63461,5748.16689,5676.54232,0.38339,0.34704,5914.55736,5769.81659,90.5438,86.00272,87.51641,5669.6366,5843.81392,6017.99124,1.0,0.0,5943.7765,5810.07282,5340.99034,5700.33505,5968.83556,5778.65207,5811.80034,56.28,62.51,90.65,23.77882,24.25686,81.55515,297.0718,333.33355,4188758.97431,66.667,69.444,5.16835,5.92149,66.851,59.778,71.829,5567.7793,5823.3981,6079.0169,0.25927,-0.01202,196.13239,12.946,12.946,6080.15273,5841.71537,6194.21594,5383.75778
000905.SH,20250221,5969.6462,6061.824,5943.1948,6057.0648,5957.5465,99.5183,1.6705,252317128.0,396960769.35,9215.31057,1547.67309,92.16939,5906.97738,1.812,2.571,5.519,5473.863,5787.189,6100.515,170.1893,194.1812,119.88597,211.78045,161.56848,48.59787,65.71049,70.43245,7.86344,36.77337,0.0,3.0,501.48782,392.20379,5911.39002,5830.84924,5504.20707,5795.48077,5967.96541,5738.10567,5668.26297,0.36964,0.35015,5890.84542,5758.58572,92.75132,85.24587,87.74768,5650.67777,5822.77087,5994.86397,0.0,43.0,5928.13429,5787.18887,5335.06334,5679.76275,5949.5849,5777.65774,5807.86599,58.296,55.475,84.624,23.92257,24.47028,76.16528,442.6776,336.13343,4213140.35411,75.0,68.056,7.8847,5.98861,68.067,60.286,74.561,5519.4109,5790.61745,6061.824,0.24257,-0.04178,211.66895,1.936,1.936,6060.41208,5822.74886,6182.72342,5373.76895
000905.SH,20250220,5941.599,5977.7301,5920.5681,5957.5465,5943.8823,13.6642,0.2299,198207411.0,305885399.07,7835.8784,-2.52895,92.48494,5866.71575,0.586,1.519,4.306,5457.215,5761.617,6066.02,147.06739,157.63031,80.52776,204.8057,142.81673,22.30912,68.19195,68.41039,9.12033,31.00639,0.0,2.0,416.37807,359.26047,5879.01785,5807.03708,5499.76644,5777.44049,5923.41571,5727.29349,5659.52585,0.26505,0.37932,5860.62371,5746.4029,79.77929,83.99496,82.58974,5624.03048,5801.9368,5979.84312,0.0,41.0,5905.82664,5761.61731,5329.55,5662.72117,5927.73114,5776.57983,5804.29462,52.562,48.188,74.469,24.09664,24.69828,70.13563,368.2033,309.6755,4187908.64131,75.0,65.278,6.5876,5.51736,62.987,57.434,65.583,5508.9146,5747.1395,5985.3644,0.22463,-0.07146,174.28694,11.418,16.43,6040.92349,5804.02452,6169.67002,5362.42347
000905.SH,20250219,5834.9547,5945.3461,5831.4815,5943.8823,5840.7112,103.1711,1.7664,205298305.0,313960331.58,8260.35043,-1587.13257,92.76166,5852.16166,0.404,1.819,4.449,5432.407,5739.863,6047.319,148.60155,160.30779,60.35465,202.22339,122.36072,-5.3048,72.65791,65.78592,8.60567,34.19328,0.0,1.0,403.82231,345.14524,5861.56704,5791.19398,5496.0895,5765.01939,5906.35032,5719.48831,5652.82876,0.30061,0.4063,5843.00139,5737.78479,76.90343,84.69757,82.09952,5589.33249,5786.14613,5982.95977,0.0,1.0,5884.86211,5739.86293,5324.50773,5654.99403,5915.87406,5776.23075,5806.49501,57.88,41.618,70.558,24.40489,24.91215,69.63992,293.9319,307.18095,4168087.90021,66.667,63.889,5.20238,5.47312,62.231,57.028,64.135,5508.9146,5747.1395,5985.3644,0.20941,-0.10057,170.97123,10.69,24.5,6032.27419,5795.71442,6162.61665,5356.29297
000905.SH,20250218,5935.4993,5947.9342,5816.0511,5840.7112,5948.7197,-108.0085,-1.8157,214941482.0,306905660.93,6429.76855,-3606.8926,97.28081,5838.15236,-1.101,0.473,3.0,5420.548,5721.282,6022.017,139.39062,150.17783,46.82258,236.91788,89.41636,-33.50494,75.95322,62.59183,9.35936,35.44465,1.0,0.0,286.42637,317.87585,5843.27476,5775.12152,5492.49277,5752.68402,5887.58433,5711.88173,5646.28823,0.28073,0.40509,5824.65941,5729.37265,72.9945,85.9966,81.66256,5587.89797,5773.43485,5958.97173,6.0,0.0,5851.9126,5721.28243,5319.99217,5653.49409,5915.20358,5774.38331,5804.26539,63.097,34.383,65.932,24.58715,25.05528,64.21928,256.4564,310.30012,4147558.06971,66.667,63.889,4.59249,5.54568,56.01,53.843,51.221,5378.5875,5681.97595,5985.3644,0.19121,-0.1288,144.93527,36.454,85.435,6032.1887,5795.63229,6156.3639,5350.85834
000905.SH,20250217,5979.8446,5985.3644,5906.2661,5948.7197,5947.796,0.9237,0.0155,233901689.0,356940293.72,5435.37582,-5310.03386,95.78425,5833.86099,0.592,2.709,5.179,5368.87,5698.332,6027.793,139.1419,154.60644,93.66103,254.96605,64.05502,-59.2691,80.70607,59.18177,4.55246,37.25173,0.0,2.0,378.9437,312.69382,5843.84443,5768.21735,5489.69583,5746.61318,5911.02089,5707.51463,5641.91918,0.35656,0.40174,5821.7409,5724.82822,97.07121,88.16361,91.13281,5587.11644,5763.45618,5939.79592,0.0,38.0,5826.7758,5698.33174,5316.34098,5655.4426,5918.71744,5775.77951,5797.16489,86.151,26.496,69.572,24.75106,25.16123,66.6525,341.6603,328.5727,4169052.21791,66.667,65.278,6.0934,5.88512,66.525,58.169,74.681,5319.2741,5652.31925,5985.3644,0.16992,-0.15551,148.40258,9.235,23.195,6031.62282,5795.08859,6154.02497,5348.82544
000905.SH,20250214,5893.9342,5954.477,5886.9501,5947.796,5898.2611,49.5349,0.8398,211914261.0,306627494.26,-683.55065,-6806.20684,98.18444,5814.03712,0.903,3.2,5.569,5331.272,5669.36,6007.448,122.51622,127.86812,101.92987,223.09204,38.00055,-85.24386,79.95111,53.60008,4.5569,38.28521,0.0,1.0,366.1645,280.37662,5820.53882,5749.2171,5486.00889,5732.6748,5892.17148,5699.33819,5635.02478,0.38128,0.38399,5798.65384,5715.68979,100.59191,86.67901,91.31664,5565.64776,5744.15858,5922.6694,0.0,37.0,5796.89887,5669.35981,5312.65447,5653.38729,5906.68368,5777.93927,5785.93671,92.963,15.727,62.209,25.05937,25.23301,65.14836,313.8711,315.24867,4145662.04901,58.333,65.278,5.57109,5.65235,66.475,58.141,74.599,5319.2741,5638.42695,5957.5798,0.136,-0.17968,120.98527,2.527,4.533,6017.32286,5781.34942,6144.3814,5340.44365
000905.SH,20250213,5938.2034,5957.5798,5889.6952,5898.2611,5940.5299,-42.2688,-0.7115,228281839.0,313080162.91,-5046.77836,-7722.91285,97.65691,5785.56945,0.631,2.807,5.094,5320.084,5644.799,5969.514,103.55347,109.19768,116.27345,237.7423,4.50362,-112.27657,75.1544,49.9393,4.21636,37.23381,1.0,0.0,303.82789,232.98325,5792.25945,5728.31406,5482.29976,5717.83885,5864.35922,5690.91589,5627.99622,0.38263,0.36295,5771.53709,5706.21607,96.1814,84.3602,88.3006,5532.93136,5724.62358,5916.3158,1.0,0.0,5760.54475,5644.79932,5309.156,5649.80372,5883.92214,5783.14002,5772.42204,95.786,4.107,52.0,25.29055,25.24933,63.71332,283.93,323.97078,4124470.62291,58.333,66.667,5.05724,5.85793,63.857,56.674,70.243,5319.2741,5638.42695,5957.5798,0.09743,-0.20043,100.24216,15.324,16.466,5994.99088,5759.8932,6133.61005,5331.08163
000905.SH,20250212,5841.3618,5940.5374,5841.3188,5940.5299,5858.2805,82.2494,1.404,195446155.0,285438865.88,-5152.22448,-8326.41033,102.99916,5761.55854,2.177,3.973,6.125,5310.879,5622.966,5935.052,106.88026,111.68326,142.30798,198.65136,-20.46092,-138.58745,68.62884,46.87235,4.03569,39.21496,0.0,1.0,331.68669,171.01278,5768.70352,5710.4249,5478.9587,5705.39594,5847.40829,5683.88724,5621.92285,0.4035,0.33551,5748.49636,5698.3775,105.55851,82.39,90.11283,5513.22073,5704.56515,5895.90957,0.0,35.0,5731.42458,5622.96557,5305.29776,5649.70367,5853.85016,5789.23372,5758.99243,102.247,-7.866,43.257,25.37988,25.22996,62.24475,353.236,317.50013,4147298.80681,66.667,68.056,6.32213,5.77589,68.012,58.347,79.996,5319.2741,5629.90575,5940.5374,0.0561,-0.21748,103.86621,0.002,0.002,5954.10688,5720.6125,6124.82542,5323.44639
000905.SH,20250211,5890.3732,5890.3732,5827.3777,5858.2805,5888.5509,-30.2704,-0.5141,181920508.0,260281069.64,-5596.04811,-9123.15266,102.06084,5724.99014,1.787,3.064,4.823,5319.149,5600.173,5881.198,104.86858,113.13142,151.78482,192.35631,-47.0238,-165.17026,58.91392,44.29555,4.1495,36.44717,1.0,0.0,240.20598,97.38911,5730.51988,5686.20332,5475.2513,5689.1798,5800.84748,5675.18749,5614.76314,0.41138,0.2724,5713.58117,5688.49372,98.45364,78.52858,85.17026,5497.82356,5683.20758,5868.5916,1.0,0.0,5700.76408,5600.17331,5300.99861,5645.63771,5788.62162,5795.73514,5742.92752,95.625,-20.647,27.165,25.26368,25.20547,61.06604,312.6469,280.75362,4127754.19131,66.667,66.667,5.63771,5.12769,63.812,55.921,74.184,5319.2741,5607.3398,5895.4055,0.00997,-0.23042,103.0528,11.332,12.099,5892.92987,5661.83459,6112.10791,5312.39286
000905.SH,20250210,5858.2425,5895.4055,5836.1713,5888.5509,5833.9883,54.5626,0.9353,209300905.0,286253277.53,-5221.35128,-10013.59479,103.8257,5695.20822,2.934,4.074,5.333,5314.45,5578.614,5842.778,114.95271,121.93922,228.44578,179.38874,-69.25805,-191.98256,49.23044,40.88534,3.12913,44.06027,0.0,4.0,255.33418,44.05846,5702.12864,5668.08993,5472.17477,5677.51768,5772.13097,5668.98094,5609.29084,0.63212,0.14841,5687.2722,5681.56365,99.84799,75.20773,83.42115,5476.37436,5664.7371,5853.09984,0.0,22.0,5676.36914,5578.61432,5296.68939,5647.60086,5734.83416,5801.80455,5727.81763,94.412,-32.601,14.605,25.22286,25.21831,69.33681,366.0919,260.03985,4145946.24211,75.0,65.278,6.62915,4.76289,66.77,57.094,81.442,5319.2741,5607.3398,5895.4055,-0.0343,-0.23879,121.24394,2.092,2.11,5842.42681,5613.31203,6104.54931,5305.82323
000905.SH,20250207,5750.2887,5889.4279,5741.7326,5833.9883,5747.9012,86.0871,1.4977,232718863.0,327949184.79,-6286.70986,-10911.76898,108.83758,5646.296,2.893,3.668,4.348,5325.368,5555.577,5785.786,105.96168,109.03291,230.46699,138.99372,-101.31899,-219.65997,37.65747,37.67566,6.42609,42.42354,0.0,3.0,185.0405,-28.83544,5660.70147,5644.88351,5468.83038,5662.96367,5713.921,5661.5379,5603.01533,0.50792,-0.02085,5650.67607,5673.11519,86.33143,71.10102,76.17783,5446.19066,5642.77512,5839.35958,0.0,21.0,5646.24344,5555.57698,5293.20892,5648.04635,5687.11406,5807.6547,5712.61588,79.364,-44.402,-4.72,25.18173,25.24344,62.3327,261.7161,215.61955,4125016.15161,66.667,61.111,4.69676,3.9606,64.013,55.481,78.245,5319.2741,5604.351,5889.4279,-0.07948,-0.24252,101.11049,14.983,17.382,5792.55574,5565.39669,6093.45538,5296.18084
000905.SH,20250206,5606.8707,5749.0232,5597.3246,5747.9012,5614.3872,133.514,2.3781,181428193.0,257122087.04,-8010.15777,-11825.29288,112.79836,5607.39898,2.055,2.536,2.768,5349.642,5541.168,5732.695,101.63091,104.97516,127.75774,90.65299,-133.3225,-247.03071,27.24905,35.68963,11.14456,33.38628,0.0,2.0,81.80427,-91.13394,5622.19328,5624.97774,5465.89738,5651.16887,5653.88735,5655.69212,5597.82493,0.28968,-0.18507,5617.34657,5666.54894,81.52909,68.56262,72.88478,5431.9058,5623.93922,5815.97264,0.0,20.0,5617.40797,5541.16844,5290.14079,5649.86728,5637.16736,5812.518,5697.38124,61.121,-54.323,-23.762,25.15729,25.28676,53.77822,366.2038,201.99332,4101744.26531,66.667,59.722,6.80462,3.73047,59.107,52.799,71.874,5319.2741,5534.14865,5749.0232,-0.1184,-0.24186,97.82098,0.467,0.619,5750.29286,5524.79117,6085.87206,5289.58973
000905.SH,20250205,5643.1747,5646.0366,5588.5558,5614.3872,5589.3432,25.044,0.4481,155674141.0,214999512.25,-11937.24983,-12626.87759,114.19996,5586.58104,0.022,0.703,0.312,5353.131,5540.06,5726.989,86.82386,90.97338,60.2041,71.36893,-159.64072,-272.35957,24.72419,38.17774,11.9195,28.14764,0.0,1.0,-67.99492,-136.16972,5594.25819,5612.03843,5463.63229,5644.49767,5606.88043,5652.56639,5594.45243,0.25061,-0.31469,5593.60937,5663.22844,45.91139,66.40155,59.57149,5441.90161,5616.13461,5790.36761,0.0,1.0,5594.86375,5540.06,5287.39535,5653.20933,5608.999,5818.58583,5682.97076,46.014,-61.963,-38.956,25.17432,25.34869,52.38566,245.1061,175.31282,4083601.44601,66.667,58.333,4.56497,3.22928,49.277,48.157,54.75,5319.2741,5612.36855,5905.463,-0.14923,-0.23785,81.42188,49.48,68.909,5727.76763,5503.14929,6083.84213,5287.82541
000905.SH,20250127,5660.4848,5676.0261,5589.3432,5589.3432,5649.9504,-60.6072,-1.0727,136546056.0,163085841.55,-10601.64413,-13063.78134,114.36182,5582.5175,-0.424,0.622,-0.344,5311.841,5554.285,5796.729,95.03935,90.54321,68.63172,68.97844,-168.2252,-294.2029,25.11587,41.50279,16.20777,25.91693,1.0,0.0,-110.05538,-163.35813,5589.78508,5611.79119,5462.42141,5646.57426,5603.12704,5653.8606,5594.00446,0.1968,-0.44225,5589.83158,5665.22196,52.65863,69.81657,64.09726,5412.52806,5616.1144,5819.70074,1.0,0.0,5590.65225,5554.28484,5285.69939,5663.1498,5612.90654,5823.82785,5670.55082,47.053,-67.714,-44.188,25.23294,25.42039,52.31091,132.7569,145.88075,4068034.03191,58.333,55.556,2.43297,2.67435,47.09,47.224,49.99,5319.2741,5623.92295,5928.5718,-0.17342,-0.23169,82.45774,37.849,85.615,5728.83353,5504.17339,6084.90235,5288.74691
000905.SH,20250124,5570.48,5660.4337,5570.48,5649.9504,5584.2548,65.6956,1.1764,139438058.0,180858845.32,-9526.35394,-13861.58753,114.7314,5585.01549,0.662,1.916,0.565,5284.535,5569.776,5855.017,104.49233,90.09749,85.45435,74.93658,-195.69258,-312.63494,29.67718,45.32629,16.27631,25.16906,0.0,1.0,-79.77791,-192.64347,5589.88327,5614.15414,5461.40196,5650.52123,5610.01896,5656.04763,5594.1092,0.19194,-0.57152,5589.92038,5668.31905,85.29886,72.67623,76.88377,5409.09368,5615.89092,5822.68816,0.0,16.0,5569.88767,5569.776,5284.1152,5676.4481,5617.90412,5827.86916,5658.61273,51.846,-73.596,-47.673,25.34073,25.47379,59.51356,188.3643,100.68152,4081688.63751,58.333,52.778,3.44889,1.86589,52.07,49.281,63.449,5319.2741,5647.533,5975.7919,-0.19924,-0.22414,97.70449,17.002,34.163,5731.27887,5506.52284,6085.97868,5289.6824
000905.SH,20250123,5659.3685,5717.6887,5584.2548,5584.2548,5607.0594,-22.8046,-0.4067,163419987.0,203633761.25,-9850.61071,-14728.40245,113.57179,5578.37312,-0.199,1.017,-0.801,5265.96,5581.632,5897.303,101.74904,90.77754,99.18717,79.05112,-232.3266,-324.04579,32.54025,49.3952,17.645,25.02739,2.0,0.0,-182.02918,-237.86995,5576.53502,5610.38611,5459.88751,5650.56059,5590.05324,5656.25431,5592.85434,0.13561,-0.726,5579.00583,5669.0688,84.79582,70.57246,75.31358,5400.49937,5614.72631,5828.95325,4.0,0.0,5541.82074,5581.63151,5282.34011,5691.4629,5605.37282,5832.05816,5645.92114,44.955,-80.077,-57.599,25.37365,25.49976,59.45963,99.5701,10.4124,4067744.83171,50.0,48.611,1.81542,0.293,46.442,46.878,51.703,5319.2741,5647.533,5975.7919,-0.22872,-0.21502,100.0995,33.491,63.913,5720.32004,5495.99376,6086.44184,5290.08496
000905.SH,20250122,5606.8472,5618.581,5567.7793,5607.0594,5633.9249,-26.8655,-0.4769,115374996.0,158106585.55,-11081.75315,-15562.27694,111.94323,5579.4307,0.393,1.582,-0.629,5259.214,5594.433,5929.653,100.64541,81.2164,88.46044,68.49173,-258.60518,-327.67947,37.69386,53.55711,22.55285,17.99532,1.0,0.0,-188.75052,-272.69576,5574.81951,5613.13678,5458.88858,5655.13341,5592.95245,5658.69497,5593.04759,-0.16443,-0.87455,5578.05147,5672.53059,102.74413,68.2019,79.71597,5414.31653,5613.25195,5812.18737,2.0,0.0,5529.05389,5594.43321,5280.89854,5706.89124,5597.64858,5836.28614,5633.95372,45.909,-85.696,-62.742,25.44163,25.51929,50.80451,179.9587,-68.9672,4084086.83041,58.333,44.444,3.31593,-1.07387,48.245,47.629,57.002,5319.2741,5647.533,5975.7919,-0.25598,-0.20398,98.65488,16.803,37.195,5708.26279,5484.40935,6087.16391,5290.71256
000905.SH,20250121,5639.6037,5642.9168,5573.5002,5633.9249,5614.3311,19.5938,0.349,126491300.0,170909135.2,-13119.6478,-16215.97837,112.56813,5576.18747,0.979,2.347,-0.36,5248.831,5608.843,5968.856,96.4241,79.6558,108.11701,72.36911,-286.28898,-325.61096,44.13022,58.44554,33.62288,16.26357,0.0,4.0,-188.4104,-299.81905,5567.65509,5613.7765,5457.69845,5658.44885,5585.89898,5660.44533,5592.73272,-0.70452,-0.97533,5572.7773,5675.20288,109.03689,62.44486,77.97554,5394.22556,5614.87778,5835.53,0.0,13.0,5514.50656,5608.84322,5279.10262,5719.72572,5580.7285,5839.71063,5622.06922,41.44,-91.435,-70.714,25.52888,25.51764,48.83849,206.1208,-151.42503,4095624.33001,58.333,40.278,3.7975,-2.51771,50.356,48.506,63.379,5319.2741,5647.533,5975.7919,-0.28503,-0.191,94.11326,9.037,10.907,5694.1462,5470.84635,6087.25306,5290.79004
000905.SH,20250120,5621.9247,5665.183,5598.1584,5614.3311,5587.2939,27.0372,0.4839,135712507.0,173426107.63,-14500.46946,-16547.22782,115.08784,5556.33403,1.391,2.31,-0.863,5246.675,5618.075,5989.474,95.4105,74.43702,88.88652,69.1705,-315.14681,-317.13922,51.63128,61.55624,38.13594,15.25615,0.0,3.0,-231.12541,-359.13432,5552.92847,5611.65561,5456.28298,5660.14016,5561.88602,5661.34433,5591.80705,-0.89122,-1.02437,5561.65956,5676.8877,105.08564,54.67952,71.48156,5391.81816,5614.67748,5837.5368,0.0,12.0,5499.58254,5618.07452,5277.28953,5730.16518,5568.39796,5843.87389,5610.59329,28.034,-96.615,-82.598,25.60451,25.46729,47.39731,68.5137,-262.21042,4082975.20001,50.0,36.111,1.23541,-4.45932,48.86,47.834,60.707,5319.2741,5647.533,5975.7919,-0.31316,-0.17606,77.90359,14.701,14.701,5674.85291,5452.30965,6087.38182,5290.90195
000905.SH,20250117,5524.205,5621.9367,5519.4109,5587.2939,5545.6336,41.6603,0.7512,126691174.0,164437435.73,-14203.09317,-16681.5377,114.81685,5540.82578,1.653,1.923,-1.557,5239.631,5633.217,6026.803,96.38904,72.325,25.7202,68.78018,-346.03213,-303.2411,57.88971,63.87262,39.29326,12.95267,0.0,2.0,-285.76742,-413.00625,5539.28344,5611.37398,5455.01351,5663.29941,5535.66348,5662.938,5591.30089,-0.97013,-1.04475,5552.08292,5679.44103,101.16145,46.2785,64.57282,5386.55708,5613.49712,5840.43716,0.0,11.0,5480.8595,5633.21672,5275.503,5742.32738,5521.87122,5847.12983,5599.12388,11.101,-100.119,-94.568,25.55336,25.36204,40.30333,-138.4385,-361.29243,4069403.94931,41.667,31.944,-2.41783,-6.15224,46.833,46.919,57.109,5319.2741,5647.533,5975.7919,-0.33582,-0.15908,82.32241,14.801,14.801,5624.49942,5403.93082,6087.45207,5290.96302
000905.SH,20250116,5546.6997,5633.8547,5508.9146,5545.6336,5522.459,23.1746,0.4196,149318085.0,182995873.63,-15421.94888,-16708.56787,114.79139,5540.94473,1.296,0.951,-2.578,5239.145,5648.948,6058.75,95.26702,71.58109,1.22609,65.4575,-375.02643,-282.11888,60.97539,63.51289,39.48245,17.47643,0.0,1.0,-351.13681,-442.14144,5528.61445,5613.90873,5453.95102,5668.54117,5509.84828,5665.50221,5591.39094,-0.8769,-1.06633,5545.68092,5683.20214,88.51637,37.13134,54.25968,5378.65582,5617.42168,5856.18754,0.0,1.0,5464.91052,5648.9478,5274.28131,5752.81711,5478.26866,5849.45334,5588.11485,-8.424,-101.507,-105.719,25.49649,25.2135,42.04094,-353.2504,-398.5468,4056734.83191,33.333,30.556,-5.98843,-6.78608,43.681,45.507,51.394,5319.2741,5647.533,5975.7919,-0.35109,-0.14061,87.52932,28.044,28.044,5588.20227,5369.05709,6088.51211,5291.88436
000905.SH,20250115,5559.5785,5569.1895,5509.5757,5522.459,5572.2722,-49.8132,-0.8939,138393243.0,169060453.01,-16026.00478,-16021.21957,112.23524,5535.42807,1.132,-0.007,-3.377,5246.436,5666.097,6085.758,83.22571,77.20813,-19.70004,62.46105,-386.61111,-253.95392,66.25015,63.01884,40.83597,14.26518,1.0,0.0,-390.98402,-459.25383,5524.83242,5621.09559,5453.21462,5677.01755,5491.95562,5669.56555,5592.41919,-0.89739,-1.09978,5545.68952,5688.81718,79.1003,28.56717,45.41155,5364.01123,5623.17123,5882.33123,1.0,0.0,5464.9289,5666.09693,5273.52007,5763.93831,5460.4592,5853.29916,5577.01763,-27.436,-100.454,-114.172,25.49084,25.03701,42.14884,-376.7075,-415.60323,4041803.02341,25.0,30.556,-6.38578,-7.07124,41.926,44.723,48.195,5319.2741,5647.533,5975.7919,-0.35751,-0.12097,94.53818,49.561,22.908,5568.28777,5349.92355,6091.02887,5294.07183
000905.SH,20250114,5393.763,5582.835,5378.5875,5572.2722,5381.6974,190.5748,3.5412,172142860.0,208083727.94,-16306.28739,-14738.45061,113.46906,5533.00868,2.162,0.325,-2.877,5261.006,5682.382,6103.758,82.77682,78.48925,-33.59859,54.89605,-378.074,-221.66364,69.42036,59.29105,41.69617,13.95142,0.0,2.0,-351.49023,-464.16875,5525.35984,5631.47838,5452.65844,5687.67676,5476.70392,5674.55221,5593.99133,-0.96668,-1.10952,5549.91325,5695.60731,48.42369,20.14498,29.57122,5350.01807,5632.58489,5915.15171,0.0,8.0,5485.25624,5682.38212,5273.03581,5777.5937,5448.28462,5857.15567,5567.20269,-47.832,-97.024,-120.94,25.43176,24.81045,35.40874,-314.7883,-422.35712,4055642.34771,33.333,33.333,-5.34712,-7.18518,44.669,46.089,54.637,5319.2741,5647.533,5975.7919,-0.35516,-0.10065,89.20408,56.84,4.008,5549.31936,5331.699,6095.47691,5297.93788
000905.SH,20250113,5319.7013,5422.0115,5319.2741,5381.6974,5369.2811,12.4163,0.2312,119682937.0,139406540.97,-18579.70599,-13256.0668,108.43342,5528.13158,-0.892,-3.562,-6.484,5269.777,5699.399,6129.02,77.03431,71.9791,-84.7586,38.0677,-352.54555,-189.05899,72.76085,56.60123,44.94981,5.04885,0.0,1.0,-544.30206,-484.57245,5514.93488,5637.71061,5451.69768,5695.6357,5428.91978,5678.01933,5594.4794,-1.19833,-1.04535,5545.84799,5700.6414,8.00052,15.43187,12.95475,5391.49801,5645.35893,5899.21985,0.0,1.0,5517.91742,5699.39858,5272.38454,5789.97211,5430.76712,5859.35488,5555.93189,-83.693,-91.045,-132.892,25.22677,24.54904,35.58781,-458.5915,-446.81165,4038428.06171,33.333,34.722,-7.85221,-7.60023,28.188,39.292,20.943,5319.2741,5655.42565,5991.5772,-0.34312,-0.08026,92.80364,89.755,65.773,5536.77948,5319.65088,6099.23266,5301.20222
000905.SH,20250110,5449.0014,5496.3833,5369.2811,5369.2811,5456.5863,-87.3052,-1.6,130179553.0,159984103.63,-18194.50314,-12079.85451,108.90167,5553.84651,-1.261,-4.439,-7.08,5308.539,5729.728,6150.917,74.75586,72.53261,-84.7091,37.52058,-309.80113,-158.4807,71.48119,50.11371,45.99013,4.99586,3.0,0.0,-554.35696,-471.33254,5544.54321,5664.65937,5452.25993,5717.28661,5452.53098,5688.06414,5599.26102,-1.20133,-0.93623,5575.69355,5713.65952,8.98202,16.67042,14.10762,5421.76018,5673.88854,5926.0169,68.0,0.0,5569.66433,5729.72831,5272.57467,5805.64681,5439.84778,5863.66026,5546.13535,-92.452,-80.584,-126.81,24.97303,24.27544,34.48482,-525.9784,-440.43952,4026459.76801,25.0,37.5,-8.92206,-7.48951,26.888,38.811,17.62,5326.9259,5696.44005,6065.9542,-0.31338,-0.06078,95.84977,93.472,83.356,5547.81991,5330.25834,6119.72338,5319.01191
000905.SH,20250109,5437.8128,5493.6799,5436.7036,5456.5863,5461.5861,-4.9998,-0.0915,129832627.0,156798867.82,-18189.35563,-10953.74239,106.77058,5590.91596,-0.195,-3.636,-5.983,5349.692,5766.284,6182.876,72.51799,70.90418,-81.97758,42.97685,-268.66337,-130.7673,69.85553,43.64464,43.29964,7.96359,2.0,0.0,-460.57856,-437.4429,5583.49034,5695.75182,5452.92643,5741.28699,5494.15592,5698.87035,5604.42911,-1.07148,-0.81083,5613.22309,5727.71578,17.02083,17.95182,17.64149,5461.43253,5701.49275,5941.55297,2.0,0.0,5621.44227,5766.28398,5272.62873,5818.59066,5451.55238,5864.48871,5536.42429,-93.821,-69.027,-115.938,24.6621,23.98622,41.61395,-361.9647,-413.90712,4039477.72331,33.333,41.667,-6.22087,-7.03641,30.441,41.003,23.377,5326.9259,5717.32025,6107.7146,-0.27905,-0.04353,92.77457,80.017,67.19,5560.69854,5342.63194,6142.51855,5338.82453
000905.SH,20250108,5462.324,5501.6555,5326.9259,5461.5861,5484.6847,-23.0986,-0.4211,163849915.0,181141237.08,-17618.76749,-9751.7221,107.88187,5614.59566,-0.917,-4.059,-6.196,5387.58,5795.81,6204.04,66.58888,67.91764,-110.58118,38.08781,-237.92006,-104.0982,66.05038,38.0184,44.36249,7.74179,1.0,0.0,-453.81115,-390.06195,5611.69124,5720.92714,5452.89703,5760.92152,5512.94072,5707.08337,5607.75142,-1.1459,-0.70907,5641.70251,5738.78229,13.19881,18.10699,16.47093,5477.831,5726.66848,5975.50596,1.0,0.0,5659.81253,5795.80992,5271.94451,5830.20234,5469.3986,5864.56373,5526.28844,-103.93,-57.299,-109.264,24.43757,23.71093,35.00868,-455.589,-397.3396,4052460.98601,33.333,44.444,-7.69943,-6.73035,30.654,41.13,23.747,5326.9259,5717.32025,6107.7146,-0.24364,-0.02899,90.07899,79.247,76.724,5584.61811,5365.61347,6159.51784,5353.59962
000905.SH,20250107,5429.1729,5485.5848,5405.1327,5484.6847,5427.1007,57.584,1.061,145065278.0,159836326.88,-16432.14228,-8539.79934,108.84322,5646.12402,-1.796,-4.292,-6.08,5436.069,5822.335,6208.601,76.54926,80.55518,-129.51424,51.099,-201.57157,-77.67686,59.78752,33.09113,42.15703,8.25705,0.0,1.0,-420.47354,-315.68729,5645.04793,5748.2262,5452.82724,5781.56535,5538.61804,5715.40531,5611.03603,-1.07458,-0.59502,5674.45094,5750.09642,5.1394,18.92502,14.32981,5528.27059,5757.89087,5987.51115,0.0,2.0,5703.17987,5822.3353,5271.1313,5837.83211,5522.22786,5864.74663,5516.01623,-110.716,-44.308,-99.666,24.13146,23.45252,42.49771,-417.2308,-354.99318,4068845.97751,41.667,47.222,-7.06941,-5.99765,31.589,41.704,25.289,5384.3326,5762.69905,6141.0655,-0.20265,-0.01693,104.89181,83.033,81.561,5652.49434,5430.8279,6180.28889,5371.65296
000905.SH,20250106,5421.0653,5482.6253,5384.3326,5427.1007,5427.8041,-0.7034,-0.013,146265658.0,156743673.38,-15843.5683,-7759.72537,109.46424,5682.9611,-4.015,-5.868,-7.362,5488.56,5845.457,6202.353,83.54897,86.10176,-189.58829,50.07651,-176.16565,-53.07663,49.16175,28.57573,45.30012,8.02523,5.0,0.0,-473.91245,-246.15877,5680.68421,5775.96741,5452.57136,5802.03987,5565.5847,5723.22634,5613.87539,-1.16435,-0.48644,5708.9539,5760.92955,-3.41138,21.22262,13.01129,5551.91711,5789.40913,6026.90115,55.0,0.0,5736.5665,5845.45651,5270.45406,5846.1976,5605.06772,5866.80444,5505.44606,-115.699,-30.469,-88.318,23.86334,23.25186,35.85513,-461.5155,-310.11113,4054339.44971,41.667,50.0,-7.83742,-5.22716,26.465,39.693,13.64,5384.3326,5762.69905,6141.0655,-0.1575,-0.00735,107.17642,92.769,92.769,5740.93378,5515.79913,6200.66688,5389.36467
000905.SH,20250103,5552.75,5581.3978,5419.7429,5427.8041,5545.8174,-118.0133,-2.128,174077310.0,187233075.27,-14473.3948,-7336.14983,111.28589,5743.52817,-5.286,-6.479,-7.689,5568.266,5873.061,6177.857,80.11854,83.24981,-258.76239,60.58728,-134.80996,-29.31061,40.4416,25.22157,49.3871,7.9977,4.0,0.0,-464.86258,-169.20969,5737.0361,5812.69022,5452.77594,5827.89775,5634.82671,5733.2645,5618.07257,-1.178,-0.36795,5760.19993,5774.55522,-2.9522,25.32829,15.90146,5594.7719,5827.09926,6059.42662,54.0,0.0,5785.57394,5873.06132,5269.99241,5856.9691,5699.48088,5867.53298,5496.11296,-101.359,-16.006,-66.686,23.58516,23.1081,34.6786,-420.3587,-250.69742,4068966.01551,50.0,52.778,-7.18788,-4.21306,26.487,39.709,13.661,5419.7429,5780.4042,6141.0655,-0.10888,-0.00027,106.11488,98.55,98.55,5839.60261,5610.59859,6230.76441,5415.5242
000905.SH,20250102,5717.9157,5722.1107,5498.8216,5545.8174,5725.7324,-179.915,-3.1422,193763157.0,220078999.06,-8548.46589,-7459.33888,106.70801,5814.65644,-4.374,-5.019,-5.965,5670.566,5896.77,6122.974,91.29247,90.77907,-330.04065,69.32159,-93.37682,-8.16723,28.74623,21.86851,48.0574,8.26569,3.0,0.0,-351.01915,-101.38012,5805.75432,5853.20455,5452.97652,5855.49041,5738.33801,5743.61909,5622.34827,-0.98498,-0.23574,5820.63554,5788.70833,9.29857,30.04171,23.12733,5643.62423,5864.02393,6084.42363,53.0,0.0,5832.98508,5896.77041,5269.63625,5875.55272,5791.33216,5871.91762,5486.93746,-69.681,-3.336,-38.177,23.23772,23.01297,32.94236,-366.784,-198.44097,4086373.74651,50.0,54.167,-6.20343,-3.31445,30.413,42.468,17.565,5498.8216,5819.94355,6141.0655,-0.0662,0.00429,120.85426,90.147,90.147,5923.52699,5691.23181,6262.41769,5443.03594
000905.SH,20241231,5902.033,5905.463,5725.7324,5725.7324,5898.884,-173.1516,-2.9353,182158855.0,217194009.08,-3198.31515,-8363.67163,99.85972,5870.47177,-2.253,-2.449,-3.059,5753.806,5913.443,6073.08,107.61051,106.06374,-154.14317,84.94598,-63.70825,9.25562,17.43376,18.09966,36.19995,13.35517,2.0,0.0,-176.29286,-45.13548,5863.51808,5885.56109,5452.23081,5876.84717,5834.59831,5750.32423,5624.06807,-0.38922,-0.12495,5870.60247,5798.62224,22.2957,33.4989,29.7645,5703.20166,5892.9826,6082.76354,24.0,0.0,5867.26496,5913.44302,5268.69012,5890.43849,5850.22646,5875.08134,5477.35019,-37.246,5.374,-13.249,23.01035,22.98538,41.51067,-262.5596,-151.29988,4105750.06221,50.0,55.556,-4.38455,-2.51451,38.358,47.265,27.578,5725.7324,5933.39895,6141.0655,-0.03826,0.00703,123.18415,100.0,100.0,5977.69757,5743.27806,6281.17581,5459.33972
000905.SH,20241230,5890.4633,5928.5718,5867.8538,5898.884,5899.1665,-0.2825,-0.0048,155565586.0,196182578.97,-1482.44936,-9799.94989,94.71617,5895.83307,0.437,0.128,-0.183,5789.298,5923.762,6058.227,116.67705,114.85763,-26.032,100.28287,-52.02756,23.92409,9.98642,18.15579,28.47934,14.44152,1.0,0.0,-7.56319,-33.06155,5894.13712,5902.38517,5450.03401,5887.26888,5889.03127,5751.15785,5621.78347,-0.21621,-0.07176,5896.94249,5801.59734,63.20805,35.36609,44.64675,5732.97212,5904.28154,6075.59096,1.0,0.0,5879.508,5923.76243,5267.30669,5897.46746,5884.13188,5882.2455,5465.62404,-19.177,10.029,0.441,22.8871,23.02356,40.29458,-201.5105,-121.44577,4123965.94771,50.0,56.944,-3.30324,-2.01937,49.846,52.763,50.805,5796.6475,5968.8565,6141.0655,-0.02589,0.0089,122.98676,42.931,42.931,5999.74044,5764.4565,6285.00197,5462.66526
000905.SH,20241227,5892.6943,5975.7919,5881.7173,5899.1665,5887.0605,12.106,0.2056,179085498.0,236680633.74,-6817.58308,-11114.14531,97.089,5896.46967,0.39,-0.152,-0.032,5791.776,5925.999,6060.223,98.321,96.48134,-11.02088,119.07657,-46.76264,37.64923,6.39474,18.31452,24.69519,23.0303,0.0,2.0,-3.30241,-35.86777,5893.08226,5902.75371,5446.42879,5886.46784,5884.1049,5746.15019,5615.5565,-0.07275,-0.03024,5896.58948,5797.62645,53.85483,30.72577,38.43546,5725.02407,5904.89681,6084.76955,0.0,4.0,5880.87974,5925.99946,5265.25223,5895.27252,5868.06528,5879.65105,5452.28505,-24.295,12.426,0.279,22.92748,23.11208,49.13968,-147.9385,-81.54308,4139522.50631,58.333,59.722,-2.44644,-1.36137,49.868,52.772,50.863,5796.6475,5968.8565,6141.0655,-0.02248,0.01088,119.52589,47.407,42.773,5989.20395,5754.33321,6284.88739,5462.56568
000905.SH,20241226,5830.7212,5897.4827,5830.7212,5887.0605,5840.2889,46.7716,0.8008,145319444.0,201723277.58,-6933.3819,-11591.07844,100.55845,5898.75033,0.176,-0.564,-0.122,5785.992,5923.638,6061.284,93.2845,88.45574,-62.379,115.75061,-32.66715,51.49688,7.98971,18.25609,24.7169,17.32578,0.0,1.0,-12.21798,-43.95445,5891.73021,5903.13131,5442.79234,5885.59207,5876.57411,5740.9632,5609.18324,-0.15558,-0.00331,5896.12094,5793.48196,33.37718,26.87092,29.03968,5719.94532,5903.42364,6086.90196,0.0,1.0,5889.79229,5923.63806,5263.45471,5896.11642,5871.667,5868.02603,5438.59512,-30.85,15.463,0.039,23.00081,23.22937,41.46912,-105.0332,-61.92087,4121613.95651,58.333,59.722,-1.75286,-1.0385,48.97,52.417,48.765,5736.4093,5938.7374,6141.0655,-0.01679,0.01394,103.62367,66.427,45.458,5990.77829,5755.84581,6284.83198,5462.51752
000905.SH,20241225,5896.4295,5897.5101,5796.6475,5840.2889,5895.2595,-54.9706,-0.9325,157279132.0,191269446.37,-6169.15274,-11710.35714,101.08042,5893.67591,-0.624,-1.5,-0.819,5762.164,5917.165,6072.166,94.53639,88.82759,-99.26248,121.36705,-1.97231,64.1447,10.00153,16.91388,23.54697,22.64448,1.0,0.0,-57.88511,-55.58487,5892.76792,5904.82297,5439.22392,5885.4908,5871.33091,5736.01074,5602.9388,-0.11945,0.0468,5897.76829,5789.66243,9.5319,25.78655,20.36833,5719.73512,5906.7572,6093.77928,1.0,0.0,5911.12569,5917.16486,5261.86378,5902.49124,5874.638,5852.21142,5425.75929,-36.711,19.32,0.964,23.01438,23.36706,43.75619,-106.82,-53.58338,4107082.01211,58.333,58.333,-1.79617,-0.9006,45.512,51.053,40.603,5736.4093,5938.7374,6141.0655,-0.00802,0.01876,106.3152,85.97,73.673,5992.63818,5757.63277,6284.71483,5462.4157
000905.SH,20241224,5827.1597,5897.1946,5827.1597,5895.2595,5818.551,76.7085,1.3183,167365824.0,196112525.35,-5499.53987,-11917.34394,106.11926,5902.19469,0.289,-0.722,0.012,5756.181,5915.397,6074.614,104.47301,98.33852,-76.23369,123.34798,26.29333,72.61947,14.9908,17.57632,21.89101,23.14029,0.0,1.0,-13.55132,-68.40064,5904.42993,5911.61603,5436.00252,5888.60817,5886.85191,5732.47589,5597.60509,-0.09737,0.07188,5908.21909,5787.59604,10.35854,28.49566,22.44995,5730.58738,5913.27738,6095.96738,0.0,1.0,5931.8073,5915.39725,5260.53267,5916.47631,5884.30346,5833.7312,5413.24673,-34.029,23.908,6.894,23.07216,23.53391,49.3791,-83.9375,-36.40933,4122809.92531,58.333,56.944,-1.40383,-0.61199,49.096,52.756,48.11,5603.9955,5872.5305,6141.0655,0.00358,0.02582,122.53822,72.666,45.661,6001.6978,5766.33711,6285.16255,5462.80484
000905.SH,20241223,5917.6939,5935.1523,5815.3415,5818.551,5917.1751,-98.6241,-1.6667,177315486.0,217347047.19,-8631.40263,-11780.74951,106.42606,5902.66088,-1.065,-2.129,-1.357,5718.164,5905.158,6092.153,92.59037,88.98334,-98.23069,123.38944,44.43074,78.47726,18.76555,18.41478,23.61494,22.95565,1.0,0.0,-103.84929,-79.36437,5906.4678,5913.33778,5432.31371,5888.14946,5882.64812,5726.9578,5590.91623,-0.09795,0.06083,5910.57537,5783.20162,-3.01362,31.51851,20.0078,5711.74297,5917.49557,6123.24817,16.0,0.0,5941.49072,5905.15824,5259.21635,5928.76376,5874.88412,5813.63681,5400.19174,-38.794,28.162,8.765,23.2394,23.73042,43.49892,-83.4349,3.4144,4106073.34291,58.333,56.944,-1.41368,0.07067,43.394,50.55,33.897,5603.9955,5872.5305,6141.0655,0.01382,0.03529,104.20475,99.015,98.179,5998.80754,5763.56018,6285.02052,5462.68138
000905.SH,20241220,5889.946,5962.4154,5889.946,5917.1751,5901.9155,15.2596,0.2586,178090399.0,221132517.27,-11607.81288,-11165.50802,106.07162,5916.27415,0.131,-0.586,0.231,5703.163,5901.013,6098.864,92.1841,85.97295,-29.29677,115.24776,61.49449,82.11016,26.32517,21.63267,18.92154,23.67354,0.0,3.0,-24.4005,-62.5407,5926.00487,5923.31533,5429.2114,5892.94935,5914.69668,5723.85295,5585.80084,0.01181,0.05473,5927.30708,5781.75878,13.84076,37.27387,29.46283,5723.56721,5923.93213,6124.29705,0.0,4.0,5954.34651,5901.01315,5258.20156,5945.83257,5893.6942,5791.57243,5388.38356,-28.351,33.011,18.836,23.41821,23.93075,49.46196,37.9056,47.87942,4123804.89151,66.667,56.944,0.64473,0.83272,49.994,53.636,47.976,5603.9955,5872.5305,6141.0655,0.02636,0.04774,102.05846,68.976,59.635,6014.9861,5779.1043,6285.6101,5463.19383
000905.SH,20241219,5829.2631,5918.4895,5816.4729,5901.9155,5888.6162,13.2993,0.2258,196531194.0,211287492.26,-15705.28525,-10319.64646,114.2015,5915.28095,-0.641,-0.79,0.032,5684.436,5892.667,6100.897,78.71361,74.14966,-82.19148,88.14951,76.62391,84.82693,30.23431,24.8323,18.44211,23.98198,0.0,2.0,-51.8225,-40.1071,5927.96704,5923.96167,5425.29201,5891.27861,5913.45747,5717.29966,5578.35423,0.01216,0.03856,5929.14926,5776.23159,3.68769,41.17938,28.68215,5711.19524,5924.01142,6136.8276,0.0,2.0,5960.5487,5892.66668,5256.52481,5956.00823,5907.91758,5767.92601,5375.43651,-30.362,36.555,21.374,23.63124,24.13716,50.34076,-30.2052,109.88103,4105995.85161,58.333,56.944,-0.50918,1.92585,48.891,53.212,45.032,5603.9955,5872.5305,6141.0655,0.03367,0.06297,88.42043,73.677,70.663,6032.53615,5795.96611,6285.44927,5463.05404
000905.SH,20241218,5861.2624,5921.9798,5853.1628,5888.6162,5848.1628,40.4534,0.6917,187996290.0,193282038.37,-17591.79341,-9103.56966,112.69184,5923.89274,-1.267,-1.055,-0.209,5684.728,5896.837,6108.945,73.79986,72.36711,-63.49365,91.39123,80.85162,86.70286,28.52247,28.16345,15.17664,27.97004,0.0,1.0,-82.0005,-23.1822,5933.75627,5926.28232,5421.46371,5890.54503,5919.22845,5711.04149,5571.08319,0.08947,0.01514,5934.10085,5771.10163,-5.27084,47.428,29.86172,5722.32143,5928.75375,6135.18607,0.0,1.0,5960.55574,5896.83655,5254.84169,5967.26304,5947.61338,5744.90065,5362.64607,-28.987,40.351,25.857,23.82697,24.3368,56.2862,-55.0083,166.82452,4086342.73221,50.0,56.944,-0.9255,2.91574,47.975,52.853,42.677,5603.9955,5872.5305,6141.0655,0.04175,0.08106,75.7199,83.093,81.009,6072.97632,5834.82039,6285.40919,5463.0192
000905.SH,20241217,5896.9676,5924.6244,5837.2514,5848.1628,5912.6014,-64.4386,-1.0899,193108547.0,204630242.34,-17561.09776,-7741.61234,114.30738,5938.9538,-2.228,-1.811,-1.027,5685.935,5902.025,6118.115,67.12911,66.665,-67.22547,99.34476,82.97645,91.75247,23.82622,30.27405,15.1418,29.32058,3.0,0.0,-134.77976,-10.67116,5943.78739,5930.24718,5417.71148,5890.67805,5934.53458,5705.02201,5563.94762,0.15749,-0.04574,5942.37079,5766.30512,-3.40453,56.21114,36.33925,5723.39414,5933.05208,6142.71002,12.0,0.0,5959.62107,5902.02526,5253.21453,5975.16873,5979.31114,5721.13822,5349.37087,-22.834,43.974,32.557,24.01549,24.51147,56.03646,-3.7757,216.30057,4067543.10321,50.0,56.944,-0.06452,3.77097,45.237,51.772,35.69,5603.9955,5872.5305,6141.0655,0.04888,0.10146,63.8051,96.409,96.409,6101.82072,5862.53363,6285.38631,5462.99931
000905.SH,20241216,5983.1598,5991.5772,5888.0426,5912.6014,5988.292,-75.6906,-1.264,214647441.0,241790858.88,-14624.40358,-6288.96539,117.97538,5965.28001,-1.423,-0.734,-0.227,5691.33,5906.447,6121.565,73.79919,73.49649,4.49938,104.87208,85.22386,100.5536,20.16184,32.2561,16.1799,27.21112,2.0,0.0,-79.33366,2.12187,5965.0373,5938.88764,5414.25404,5893.61014,5977.72047,5700.16978,5557.56076,0.16963,-0.14485,5959.49951,5762.96399,25.84524,66.14708,52.71314,5732.13255,5939.68779,6147.24303,6.0,0.0,5968.01686,5906.44719,5251.66351,5983.96233,6008.09732,5697.85148,5337.59813,-4.149,46.828,44.754,24.25118,24.65264,61.56519,155.0049,210.56253,4086853.95791,58.333,55.556,2.69218,3.67534,49.003,53.649,42.579,5603.9955,5872.5305,6141.0655,0.05261,0.12445,76.87083,78.738,90.294,6134.95209,5894.36574,6285.56428,5463.154
000905.SH,20241213,6065.9542,6065.9542,5988.292,5988.292,6100.3945,-112.1025,-1.8376,286328198.0,307316221.18,-11586.91439,-5063.38108,121.67784,5975.03962,-0.345,0.755,0.802,5685.023,5902.469,6119.914,74.57526,81.06653,78.37118,100.30017,91.71386,112.13713,18.06401,35.80973,9.9859,27.53628,1.0,0.0,-2.90726,9.78799,5976.68972,5941.65461,5410.25125,5892.3004,6010.28001,5692.96871,5549.58232,0.29542,-0.25839,5968.02644,5756.85634,59.58851,72.86406,68.43888,5732.14638,5940.62962,6149.11286,3.0,0.0,5971.11917,5902.46891,5250.24938,5984.5059,6014.99882,5674.25132,5325.82447,11.524,47.347,53.109,24.44141,24.73217,62.95202,183.3552,182.52948,4108318.70201,58.333,52.778,3.15861,3.18995,53.826,55.933,52.497,5603.9955,5872.5305,6141.0655,0.04649,0.15041,73.29014,52.205,57.864,6140.30665,5899.51032,6285.42694,5463.03463
000905.SH,20241212,6048.7814,6107.7146,6023.2343,6100.3945,6047.105,53.2895,0.8812,243653690.0,258380795.57,-8126.16885,-4181.80449,124.52634,5967.14283,1.764,2.906,2.443,5685.116,5899.278,6113.441,87.22576,89.00739,131.98927,91.81185,93.81104,124.85983,16.94017,36.5944,13.3708,27.52542,0.0,3.0,110.20108,-8.6475,5974.11144,5936.74541,5405.60835,5885.68029,6021.27401,5682.95775,5539.72367,0.10624,-0.39711,5964.34179,5747.40999,86.79991,75.07665,78.9844,5714.13206,5932.88754,6151.64302,0.0,20.0,5957.48382,5899.27848,5248.56368,5979.29022,6013.17982,5649.69505,5313.58138,18.776,45.906,55.294,24.65664,24.75513,65.20063,409.9153,146.20102,4136951.52181,66.667,50.0,7.20353,2.56634,62.13,59.529,73.68,5603.9955,5872.5305,6141.0655,0.0316,0.17973,91.85177,10.051,14.145,6130.94185,5890.51275,6283.21142,5461.10899
000905.SH,20241211,5973.326,6051.4718,5972.2696,6047.105,5992.0937,55.0113,0.9181,253883941.0,250011474.49,-8239.02076,-3826.90154,129.86147,5936.33947,1.499,2.598,1.461,5687.98,5898.174,6108.368,86.49463,90.45473,114.59755,76.78964,82.77545,140.77231,19.43029,37.5894,23.10081,21.84796,0.0,2.0,49.72689,-47.56538,5946.04854,5919.51919,5400.02774,5870.87241,5981.71376,5668.80735,5527.12433,-0.19684,-0.518,5939.60494,5733.00246,80.03107,73.12277,75.42554,5700.40618,5917.70576,6135.00534,0.0,18.0,5923.20402,5898.17401,5246.34231,5972.65342,5973.4981,5623.15027,5298.01346,4.612,43.559,45.865,24.8291,24.71761,57.68397,311.4557,85.58742,4112586.15281,58.333,45.833,5.43017,1.49785,59.401,58.308,68.672,5603.9955,5922.3024,6240.6093,0.0118,0.21194,96.91963,23.22,32.383,6092.66049,5853.73263,6275.36437,5454.28866
000905.SH,20241210,6132.291,6141.0655,5982.5833,5992.0937,5947.1089,44.9848,0.7564,320527823.0,324711288.43,-4133.59562,-3409.93202,131.87035,5922.06,0.9,2.115,0.403,5652.972,5908.811,6164.649,92.09481,97.74501,132.63727,73.33696,84.87122,163.49522,27.80442,40.25082,22.59833,21.94205,0.0,1.0,-6.93427,-65.79562,5923.59154,5906.0891,5394.83033,5858.71844,5949.01814,5655.9837,5515.43937,-0.15279,-0.61095,5920.05947,5720.18194,80.30189,71.97139,74.74822,5664.77033,5906.55737,6148.34441,0.0,13.0,5898.9872,5908.81082,5244.36723,5965.68104,5939.931,5597.48496,5283.1439,-8.788,42.983,38.589,24.87501,24.62332,65.51028,241.848,34.95102,4087197.75871,50.0,43.056,4.20587,0.61431,56.43,57.025,62.541,5603.9955,5943.1366,6282.2777,-0.0024,0.2462,100.2422,27.738,51.342,6063.71042,5825.91785,6270.92327,5450.42864
000905.SH,20241209,5983.3343,6004.2343,5911.3619,5947.1089,5979.197,-32.0881,-0.5367,284462209.0,237294662.39,-2478.98772,-3538.55896,131.0665,5910.89034,0.279,1.697,-0.443,5624.839,5922.4,6219.962,105.24294,92.41912,73.98377,64.3364,80.75972,193.15309,36.72188,40.76404,23.81936,19.52676,1.0,0.0,-58.02154,-71.14211,5908.36884,5897.03599,5390.03304,5849.52015,5927.48037,5644.59014,5504.72804,-0.13376,-0.70409,5906.96234,5709.0835,100.42268,70.58297,80.52954,5672.70854,5892.66016,6112.61178,1.0,0.0,5868.82575,5922.40029,5242.76484,5959.69554,5927.9364,5573.24097,5269.19149,-19.48,44.081,34.342,24.86251,24.49083,64.23925,-38.2039,-27.80375,4055144.97641,41.667,41.667,-0.63829,-0.45596,53.901,55.963,56.777,5603.9955,5993.48695,6382.9784,-0.01121,0.28133,99.23841,15.857,39.585,6042.74264,5805.77234,6268.05423,5447.93499
000905.SH,20241206,5903.4988,6011.7691,5877.0434,5979.197,5901.9859,77.2111,1.3082,265329536.0,255600553.07,-3149.19723,-3610.54447,133.01029,5906.86136,1.091,2.191,-0.021,5594.765,5941.576,6288.386,104.79746,90.93356,84.08704,65.62607,88.66218,231.2622,44.35036,40.78902,24.26478,18.74423,0.0,2.0,-33.33699,-82.18163,5899.75994,5891.76515,5385.55853,5842.78989,5917.6661,5634.33527,5494.78689,-0.1986,-0.79197,5899.66296,5699.36818,104.94889,65.60969,78.72276,5662.25706,5886.1786,6110.10014,0.0,10.0,5847.67979,5941.5756,5241.24243,5957.58259,5927.23952,5550.80734,5254.95082,-27.03,46.516,33.001,24.72833,24.32364,73.61333,-13.1934,-89.42022,4083591.19731,41.667,40.278,-0.22017,-1.43561,56.027,56.925,62.493,5603.9955,5993.48695,6382.9784,-0.01581,0.31678,96.79677,7.988,11.829,6036.74793,5800.01271,6267.5679,5447.51228
000905.SH,20241205,5855.7419,5923.6243,5853.527,5901.9859,5879.2695,22.7164,0.3864,198542236.0,212251881.68,-3544.51724,-3013.95174,132.64322,5897.02045,0.412,0.852,-1.278,5586.069,5953.738,6321.407,103.94764,90.21209,37.41348,68.55342,95.38319,276.79983,53.55544,40.41209,30.83322,13.2047,0.0,1.0,-113.5202,-110.68838,5882.10726,5882.5618,5380.79035,5833.3825,5886.90065,5622.64504,5483.90127,-0.4584,-0.86425,5885.20223,5687.9466,98.12778,59.05315,72.07803,5634.83882,5878.82864,6122.81846,0.0,1.0,5824.78466,5953.738,5239.60732,5951.93228,5901.78782,5527.52213,5240.38266,-44.704,49.895,27.543,24.57921,24.13816,64.03709,-34.6156,-171.6024,4057058.24371,41.667,37.5,-0.58309,-2.74602,51.836,55.148,53.007,5603.9955,5993.48695,6382.9784,-0.01763,0.35207,98.18633,21.446,24.802,6010.88852,5775.1674,6267.12326,5447.12582
000905.SH,20241204,5929.4763,5940.8545,5850.9094,5879.2695,5932.1207,-52.8512,-0.8909,215991634.0,234212942.76,-3972.22022,-1866.79794,138.69688,5901.38745,0.302,0.414,-1.61,5583.52,5970.617,6357.714,103.52394,90.4149,27.05044,70.59903,131.34772,328.72369,56.24864,37.67323,37.03372,12.49255,2.0,0.0,-123.30616,-112.44691,5877.68979,5880.51716,5376.60404,5828.65123,5879.35803,5613.17586,5474.50611,-0.73451,-0.86396,5882.15065,5679.2103,92.50218,52.54071,65.8612,5632.99709,5877.33211,6121.66713,2.0,0.0,5833.11735,5970.6167,5238.49133,5946.08956,5872.90994,5505.76373,5227.28059,-54.89,55.483,28.038,24.43153,23.93753,56.39561,46.2337,-253.4462,4037204.02011,41.667,34.722,0.79262,-4.0328,50.565,54.62,49.9,5603.9955,5993.48695,6382.9784,-0.0115,0.38733,99.72746,32.137,21.931,5985.89064,5751.14983,6266.64727,5446.71212
000905.SH,20241203,5946.7352,5954.6607,5877.8012,5932.1207,5943.6245,-11.5038,-0.1935,209870509.0,229346951.93,-3034.62831,-803.36255,140.33595,5893.36187,1.75,1.384,-0.74,5592.58,5982.943,6373.305,102.63755,91.97621,32.69955,81.98688,170.9878,382.37122,55.7485,34.08497,38.57551,11.83943,1.0,0.0,-59.65459,-124.99442,5877.33874,5880.64849,5372.56657,5825.16032,5879.40229,5604.15574,5465.41031,-0.85224,-0.80276,5882.67449,5671.04462,95.76571,45.88047,62.50888,5628.3908,5875.96238,6123.53396,1.0,0.0,5844.42944,5982.94256,5237.26585,5942.66001,5858.0434,5483.55729,5216.02179,-63.54,62.344,30.574,24.26332,23.71972,55.76179,7.6373,-349.81278,4058803.18351,41.667,31.944,0.12891,-5.58976,53.58,56.092,57.236,5603.9955,5993.48695,6382.9784,-0.00085,0.42223,98.04967,20.21,6.942,5958.8199,5725.14069,6266.30635,5446.4158
000905.SH,20241202,5853.7053,5956.5981,5848.4235,5943.6245,5851.9385,91.686,1.5668,236181308.0,257212815.53,-2368.56045,9.27307,146.91122,5872.72089,2.523,1.591,-0.483,5598.396,5991.935,6385.474,108.51288,97.64461,10.06901,95.31604,201.05912,436.27972,52.69722,31.73853,39.87915,11.58505,0.0,2.0,-39.0132,-134.02783,5865.16497,5875.23037,5368.07216,5817.78374,5853.04309,5593.03828,5454.92243,-0.9531,-0.73042,5873.68427,5660.38845,84.81925,37.56626,53.31726,5606.81977,5871.16605,6135.51233,0.0,6.0,5844.87752,5991.93506,5236.10171,5936.71764,5809.7151,5462.00718,5204.24326,-84.602,70.287,27.986,24.08009,23.49889,47.64354,-134.6806,-435.07075,4079790.23441,41.667,29.167,-2.21576,-6.95725,54.225,56.409,58.805,5603.9955,5993.48695,6382.9784,0.01376,0.45702,112.4016,17.413,3.679,5915.27546,5683.30387,6265.50223,5445.71689
000905.SH,20241129,5748.1665,5899.873,5736.4093,5851.9385,5757.5965,94.342,1.6386,204255544.0,243571196.94,-2771.1485,718.2958,146.35683,5855.72803,1.506,-0.167,-1.928,5597.247,5991.199,6385.151,109.47454,99.15006,-43.21877,91.05105,218.9409,491.52976,44.8062,31.39618,38.52227,10.96871,0.0,1.0,-124.25866,-138.04821,5847.72952,5868.03098,5363.44925,5809.10507,5807.75238,5581.154,5443.94036,-0.98179,-0.65667,5860.96787,5648.8278,56.66579,29.69077,38.68244,5588.19592,5866.42402,6144.65212,0.0,5.0,5833.81865,5991.19926,5234.9663,5928.73766,5768.12006,5438.91178,5192.39956,-115.517,80.862,23.103,23.85937,23.29078,38.36176,-407.9027,-475.21417,4056172.10361,33.333,27.778,-6.51618,-7.60971,49.811,54.442,49.64,5603.9955,5993.48695,6382.9784,0.03875,0.49182,112.418,39.708,34.639,5875.28836,5644.88489,6264.40724,5444.76517
000905.SH,20241128,5802.797,5826.4882,5749.2874,5757.5965,5804.9368,-47.3403,-0.8155,172183537.0,204358289.21,-4577.13935,1221.56184,145.13978,5856.07686,-0.514,-2.343,-3.53,5594.725,5990.193,6385.662,98.96686,88.3731,-72.07865,84.30623,252.93584,548.50061,37.22768,33.0244,39.48691,7.50276,1.0,0.0,-204.37748,-82.41957,5846.79419,5869.72493,5359.52564,5806.15104,5785.65932,5571.97486,5434.77187,-1.03335,-0.57664,5862.60957,5640.53756,33.24344,25.19493,27.87777,5590.97067,5870.32055,6149.67043,1.0,0.0,5841.07314,5990.19342,5234.08424,5921.6737,5747.7815,5416.37962,5181.34002,-138.862,95.302,25.871,23.61546,23.12138,41.23318,-506.2865,-428.34003,4035746.54921,25.0,29.167,-8.08263,-6.86906,44.789,52.32,37.769,5603.9955,5993.48695,6382.9784,0.07955,0.52678,100.00811,68.616,62.133,5869.87813,5639.68683,6264.48306,5444.83107
000905.SH,20241127,5669.5549,5805.635,5603.9955,5804.9368,5690.4792,114.4576,2.0114,175313302.0,204528721.58,-4069.3256,2033.70774,147.43725,5876.37482,-0.37,-2.24,-2.773,5614.038,5997.378,6380.718,105.97912,94.01573,-95.9734,84.60968,310.00448,603.99431,27.26873,33.79509,38.52829,10.80704,0.0,1.0,-124.07134,-7.68588,5866.6159,5881.52792,5356.32828,5809.49963,5799.69073,5565.68261,5427.51738,-0.99108,-0.46635,5881.70286,5635.75965,21.71667,23.85351,23.14123,5577.91426,5880.06054,6182.20682,0.0,3.0,5873.144,5997.37812,5233.49129,5910.38676,5793.32476,5395.34111,5171.79297,-148.053,112.659,38.633,23.37539,23.01399,45.20908,-525.6784,-333.37863,4052964.90291,25.0,33.333,-8.30375,-5.3435,46.95,53.519,41.899,5603.9955,5993.48695,6382.9784,0.13311,0.56121,113.28954,68.436,51.138,5912.05976,5680.21427,6268.39513,5448.23128
000905.SH,20241126,5727.3734,5773.3559,5688.5764,5690.4792,5735.6493,-45.1701,-0.7875,147562865.0,170186745.3,-5419.86493,2068.07364,141.93934,5888.66735,-2.701,-4.869,-4.638,5618.743,5999.028,6379.313,104.67593,94.72016,-115.94935,83.00123,381.44993,655.17703,19.09782,35.60816,34.61186,12.62337,4.0,0.0,-198.59127,47.61652,5880.32236,5889.59015,5352.725,5809.8143,5797.0677,5557.57229,5419.03605,-0.92468,-0.32656,5895.66033,5628.85446,-5.86841,24.20965,14.18363,5609.30003,5894.99437,6180.68871,26.0,0.0,5918.63444,5999.02797,5232.93001,5898.92512,5830.81548,5374.33148,5161.5592,-163.253,131.166,49.54,23.12467,22.97956,49.04871,-531.9658,-228.30227,4035433.57271,25.0,37.5,-8.54914,-3.6601,40.598,50.914,25.481,5662.0946,6022.5365,6382.9784,0.19304,0.5942,115.12882,95.423,91.962,5957.4302,5723.80549,6270.80178,5450.32304
000905.SH,20241125,5754.5473,5774.8166,5662.0946,5735.6493,5750.2457,-14.5964,-0.2538,186005060.0,215261571.67,-3198.84282,2893.46679,143.19661,5931.78491,-2.325,-4.819,-3.938,5641.285,6005.13,6368.976,108.23929,103.64744,-135.28957,83.55434,461.8508,698.4271,12.42143,38.36167,33.98481,16.46607,3.0,0.0,-113.85502,97.71453,5922.50973,5910.54919,5350.01212,5818.04431,5850.36194,5553.06698,5412.9362,-0.84908,-0.17321,5932.96598,5626.33916,-1.97868,29.22266,18.82222,5609.36674,5913.6811,6217.99546,21.0,0.0,5975.97482,6005.13044,5232.69031,5891.66115,5880.03994,5355.10828,5152.99125,-154.357,151.573,74.394,22.93833,23.03069,56.11546,-503.9105,-151.01707,4050189.85921,25.0,40.278,-8.07606,-2.42801,42.436,52.016,28.091,5662.0946,6022.5365,6382.9784,0.26285,0.62548,128.74573,89.797,79.171,5995.34609,5760.23447,6279.98948,5458.30861
000905.SH,20241122,5969.0753,5983.3393,5750.2457,5750.2457,5985.3128,-235.0671,-3.9274,225066737.0,267675732.29,2816.73006,4471.5254,142.37231,5973.39712,-2.599,-5.237,-3.706,5665.276,6012.534,6359.792,134.61511,127.86904,-119.04853,97.91638,544.03856,732.57712,10.77983,41.93573,28.47606,24.43763,2.0,0.0,-63.13551,150.47853,5964.03427,5928.95971,5346.91463,5823.72672,5907.71827,5546.87774,5405.68422,-0.45586,-0.02146,5968.84175,5621.87752,-1.93604,34.42288,22.30324,5625.50824,5933.62786,6241.74748,20.0,0.0,6035.47141,6012.53399,5232.16999,5887.41127,5899.51724,5335.07029,5144.14772,-140.863,170.867,100.436,22.83144,23.17661,62.30056,-375.5411,-52.60705,4068790.36521,33.333,44.444,-6.1305,-0.83491,43.013,52.368,28.888,5750.2457,6066.61205,6382.9784,0.33103,0.65441,146.17335,100.0,100.0,6022.64444,5786.46231,6286.92533,5464.33697
000905.SH,20241121,5973.1547,6009.6285,5937.8052,5985.3128,5992.3904,-7.0776,-0.1181,206198941.0,252722313.9,7927.02071,5813.10902,137.04699,6011.16271,0.452,-1.87,0.263,5676.355,6015.506,6354.657,148.94612,149.74504,-51.44151,125.04819,614.62172,757.63392,17.98615,48.17117,21.25144,26.08065,1.0,0.0,209.51318,225.67752,6011.54285,5947.77171,5343.67502,5828.79438,5986.45455,5539.98392,5397.94126,-0.18364,0.0865,6008.58648,5616.63801,19.39919,40.4827,33.45487,5658.16946,5944.75252,6231.33558,1.0,0.0,6082.69134,6015.5061,5231.46141,5878.09686,5934.36478,5315.68489,5134.08013,-115.495,188.475,130.728,22.84296,23.42311,67.94679,-126.6579,54.27922,4091297.03891,41.667,48.611,-2.07229,0.94892,53.811,58.459,46.652,5729.4384,6056.2084,6382.9784,0.39537,0.68077,147.26007,65.537,54.973,6054.91026,5817.46279,6291.63757,5468.43265
000905.SH,20241120,5920.3229,6015.2339,5909.106,5992.3904,5936.6015,55.7889,0.9397,217345224.0,261005441.61,6662.13374,7047.98599,137.53603,6009.31774,-0.195,-1.923,0.624,5640.839,6002.576,6364.312,160.66521,151.06693,-46.61235,116.89957,667.82304,774.77547,28.82113,54.04119,21.37646,25.25255,0.0,2.0,244.02466,293.71698,6017.37174,5943.82001,5338.52131,5818.00001,5987.02543,5524.88802,5384.7419,-0.20118,0.16569,6012.81806,5601.59006,10.85973,43.99662,32.95099,5630.84429,5941.29677,6251.74925,0.0,3.0,6108.11604,6002.57566,5229.88838,5868.28251,5952.96324,5292.62983,5121.76442,-118.712,202.912,143.556,22.97113,23.77385,60.95496,63.4819,138.07568,4111916.93301,50.0,51.389,1.07072,2.35973,54.187,58.656,47.383,5694.7789,6038.87865,6382.9784,0.44979,0.70491,147.29681,64.371,57.281,6082.849,5844.30591,6290.95953,5467.84333
000905.SH,20241119,5836.6108,5936.9347,5776.2017,5936.6015,5833.0358,103.5657,1.7755,241404215.0,262477730.6,5091.72785,8320.15515,138.51373,6010.94838,-1.864,-2.752,0.088,5616.81,5991.775,6366.74,149.91374,139.33624,-81.55402,115.14955,710.07282,784.74344,40.32145,57.98512,21.20615,24.47905,0.0,1.0,207.74305,365.89864,6022.92315,5938.70734,5333.26934,5805.97308,5984.34294,5509.04048,5371.08688,-0.28936,0.246,6016.53218,5585.63902,-4.20297,49.51944,31.61197,5624.26701,5938.03923,6251.81145,0.0,2.0,6121.45568,5991.77529,5228.35089,5859.72419,6006.4534,5270.80604,5108.3336,-121.262,217.751,157.12,23.16883,24.22245,61.73844,104.7798,203.19455,4090182.41061,50.0,54.167,1.79669,3.48426,51.754,57.577,41.345,5694.7789,6038.87865,6382.9784,0.5086,0.7273,129.70989,73.565,73.565,6136.69161,5896.03703,6290.4479,5467.39864
000905.SH,20241118,5940.4862,5977.4919,5799.9082,5833.0358,5924.4834,-91.4476,-1.5436,282527224.0,296423264.13,4721.6668,10081.5214,135.75249,6034.70694,-4.611,-4.312,-1.328,5594.079,5982.638,6371.196,147.85955,141.88738,-83.45005,120.3546,753.55949,789.87803,52.11851,62.20777,22.21202,25.2966,5.0,0.0,101.9968,464.60704,6042.10574,5938.92901,5328.4233,5796.96423,6008.21366,5494.54689,5358.37869,-0.26153,0.35771,6031.06503,5571.31402,-14.34458,58.47317,34.20059,5620.50834,5943.80694,6267.10554,10.0,0.0,6138.9926,5982.6377,5227.04888,5867.02353,6071.9097,5249.70233,5096.44097,-110.161,232.909,177.828,23.43143,24.75946,56.42323,-68.2546,286.3831,4066041.98911,41.667,58.333,-1.1566,4.9424,46.963,55.511,28.687,5673.7901,6028.38425,6382.9784,0.57187,0.74741,129.99419,94.318,94.318,6214.6963,5970.98272,6289.4516,5466.5327
000905.SH,20241115,6055.5354,6093.4226,5924.35,5924.4834,6078.3051,-153.8217,-2.5307,236226042.0,309679795.18,2261.51191,11493.29401,135.20576,6086.31128,-4.133,-2.902,0.474,5573.906,5976.197,6378.489,136.90469,126.38599,-34.11477,157.62148,788.64946,789.96594,64.30192,66.78195,16.74101,27.82726,4.0,0.0,202.72898,574.48671,6088.56573,5950.07566,5324.37019,5794.47653,6095.80259,5483.07269,5347.71224,-0.04073,0.45707,6067.07034,5560.6315,4.16135,70.60946,48.46009,5644.36158,5951.5608,6258.76002,9.0,0.0,6148.57987,5976.19716,5226.13698,5864.02957,6171.42558,5230.79132,5085.34611,-68.923,246.679,212.217,23.81385,25.34665,56.52421,86.5496,372.10253,4094294.71151,50.0,62.5,1.48254,6.4222,51.068,57.896,34.102,5631.2316,6007.105,6382.9784,0.63287,0.76496,131.54402,83.73,99.971,6303.8249,6056.61608,6290.45103,5467.40137
000905.SH,20241114,6240.6093,6240.6093,6068.6584,6078.3051,6259.8412,-181.5361,-2.9,239743138.0,317335892.18,3544.31974,13072.95998,145.249,6122.36385,-2.473,-0.263,3.314,5534.075,5961.974,6389.873,137.76705,134.59856,31.89242,215.6776,807.87278,786.75908,73.09163,66.61125,9.88516,30.3557,3.0,0.0,388.05848,681.35764,6125.02847,5952.76959,5319.55,5785.51054,6181.46218,5468.10961,5334.75109,0.26706,0.50044,6092.99524,5545.7804,50.38259,81.68415,71.25029,5647.27882,5948.48804,6249.69726,7.0,0.0,6139.3137,5961.97398,5224.48048,5839.93565,6231.0179,5209.83448,5074.08434,-23.163,255.294,243.713,24.31044,25.93315,61.95037,265.7765,438.62928,4117917.31571,58.333,66.667,4.57248,7.58202,59.023,62.206,46.373,5404.2035,5893.59095,6382.9784,0.67574,0.78015,126.89349,51.824,91.386,6360.84926,6111.40419,6290.37332,5467.33382
000905.SH,20241113,6234.1577,6282.2777,6162.8979,6259.8412,6263.883,-4.0418,-0.0645,260400673.0,347812976.33,-3725.66665,14658.32523,141.84746,6131.58962,0.312,3.09,6.859,5444.229,5929.008,6413.787,131.55584,117.34031,78.77434,254.31843,821.8317,782.04136,78.35618,63.42778,5.16255,36.49215,2.0,0.0,617.74991,748.43074,6135.41144,5939.55532,5313.45559,5765.31781,6233.04073,5447.42502,5318.04201,0.45547,0.51439,6095.66618,5524.0447,80.28311,86.90108,84.69509,5641.86396,5929.46668,6217.0694,2.0,0.0,6121.61223,5929.00814,5222.00506,5801.93161,6263.26884,5187.39332,5061.54181,13.032,258.19,264.706,24.94741,26.49339,67.19599,376.1209,464.5935,4141891.62951,58.333,69.444,6.39257,8.05166,70.986,67.925,71.772,5404.2035,5893.59095,6382.9784,0.697,0.79393,119.96966,20.945,36.935,6376.33215,6126.27991,6284.69592,5462.39926
000905.SH,20241112,6349.2295,6382.9784,6205.0988,6263.883,6330.6152,-66.7322,-1.0541,332856919.0,452685440.81,2834.0666,16809.01864,143.50401,6104.49173,0.775,3.692,7.363,5388.541,5889.07,6389.6,102.45588,157.56013,110.20431,249.51567,813.9506,773.44364,79.26125,57.78452,4.76532,37.24683,1.0,0.0,677.11462,785.86518,6107.76039,5905.84102,5305.8541,5731.21275,6219.64049,5419.88549,5296.87798,0.51665,0.50624,6065.81617,5494.01219,86.53775,88.00407,87.5153,5615.24167,5897.30469,6179.36771,1.0,0.0,6079.42149,5889.07047,5219.00556,5750.98608,6236.45796,5161.63194,5047.57869,25.21,256.561,269.166,25.66277,26.98583,68.28143,454.1951,480.56517,4167931.69681,66.667,72.222,7.81789,8.38088,71.281,68.059,72.509,5393.6657,5888.32205,6382.9784,0.70038,0.8073,144.78606,19.667,25.227,6354.55797,6105.35961,6261.721,5442.43041
000905.SH,20241111,6211.0328,6330.8046,6199.0563,6330.6152,6222.445,108.1702,1.7384,334096921.0,453328339.55,12581.74329,18232.31785,144.06974,6069.15359,2.772,5.457,8.917,5348.638,5849.504,6350.371,118.41768,196.52708,137.40448,253.65352,803.35107,764.11312,75.64879,54.05407,4.90549,39.58138,0.0,1.0,799.99343,793.75257,6073.06647,5868.15239,5298.15908,5694.47687,6197.51924,5391.2754,5275.14753,0.5158,0.45417,6029.80402,5462.58889,97.70869,88.24846,91.40187,5588.12924,5856.60132,6125.0734,0.0,375.0,6034.28605,5849.50432,5216.06299,5698.50986,6206.0755,5135.90573,5032.89979,34.246,253.41,270.532,26.39088,27.40599,75.60139,603.9111,489.85268,4201217.38871,75.0,73.611,10.54553,8.64622,76.063,70.243,84.435,5393.6657,5863.67245,6333.6792,0.69762,0.81988,174.6556,0.551,0.615,6310.60823,6063.1334,6230.48019,5415.27718
000905.SH,20241108,6306.7986,6333.6792,6206.2949,6222.445,6239.5598,-17.1148,-0.2743,385648347.0,470080201.61,16232.56619,18717.58328,148.26116,6009.68924,2.398,4.532,7.191,5354.029,5813.381,6272.734,122.36461,209.32092,165.80922,244.277,794.6065,754.62731,72.29704,51.41795,4.56507,40.17549,1.0,0.0,761.27486,775.04264,6015.83342,5819.47209,5289.86626,5650.60526,6130.97125,5359.43338,5251.42916,0.52908,0.38585,5975.11108,5427.15925,88.79114,86.67175,87.37821,5549.94496,5811.31458,6072.6842,1.0,0.0,5989.59656,5813.38121,5212.92608,5637.31228,6125.73416,5109.65906,5017.31575,24.837,249.129,261.547,26.95454,27.73925,74.89593,446.062,450.98983,4167807.69661,66.667,72.222,7.72217,8.02007,73.412,68.681,79.989,5393.6657,5863.67245,6333.6792,0.69009,0.83047,171.09036,19.997,20.653,6230.59056,5986.25367,6185.39154,5376.08797
000905.SH,20241107,6061.7349,6240.7574,6049.587,6239.5598,6125.7868,113.773,1.8573,418413323.0,465814955.83,20275.79043,18721.48663,155.99258,5968.41325,3.592,5.478,7.857,5333.805,5775.8,6217.794,136.36957,218.25178,184.77042,167.89343,786.03725,745.51609,69.26197,49.35643,4.46479,35.42258,0.0,4.0,843.95455,783.73978,5969.91974,5777.05389,5282.37567,5611.16804,6085.23438,5330.17875,5229.60858,0.52157,0.28104,5930.14128,5394.69861,100.56071,86.31852,91.06592,5503.09653,5764.70141,6026.30629,0.0,364.0,5948.32085,5775.79962,5210.00441,5579.84379,6047.6095,5085.15065,5003.96005,22.527,246.024,257.288,27.33287,28.02282,73.99509,485.7101,448.10123,4206372.53131,75.0,72.222,8.44148,8.03874,74.611,69.232,83.12,5393.6657,5817.21155,6240.7574,0.68756,0.83747,206.26982,0.234,0.269,6149.40177,5908.24875,6147.37153,5343.04255
000905.SH,20241106,6134.9236,6204.5331,6081.8065,6125.7868,6111.9707,13.8161,0.226,415187737.0,502324104.68,19383.82535,18183.2901,160.35702,5908.8138,2.846,4.268,6.687,5360.067,5748.366,6136.665,132.41303,230.68952,212.19421,143.34145,767.50269,735.98854,60.13087,47.48625,4.05885,42.21524,0.0,3.0,790.49706,775.69154,5909.99973,5728.36906,5274.68745,5567.83068,6008.07167,5299.35227,5206.91304,0.71604,0.26471,5873.88337,5360.21448,92.2947,83.94482,86.72811,5481.64838,5721.34,5961.03162,0.0,20.0,5897.03528,5748.36574,5206.6419,5522.53826,5979.95562,5060.33759,4989.61643,6.316,243.208,246.366,27.67189,28.29577,72.92832,421.5618,405.44635,4164531.19901,75.0,69.444,7.39034,7.3147,71.807,67.576,78.447,5393.6657,5799.0994,6204.5331,0.68654,0.83915,197.81557,15.448,18.437,6087.19869,5848.48502,6106.25634,5307.30692
000905.SH,20241105,5925.8652,6119.2536,5910.8887,6111.9707,5928.9085,183.0622,3.0876,366344492.0,441462863.29,22705.39036,17650.66712,176.77588,5857.60492,3.521,4.658,7.372,5381.3,5728.858,6076.417,138.98176,241.17042,172.45824,99.47342,761.41879,729.90808,48.49938,45.44096,4.05798,37.86985,0.0,2.0,842.3566,780.26787,5862.04704,5686.53561,5267.85131,5529.35095,5949.21411,5271.33754,5186.26419,0.63265,0.293,5828.08274,5328.96663,100.03246,82.55317,88.3796,5437.26412,5677.5468,5917.82948,0.0,19.0,5862.0949,5728.85845,5203.64275,5467.1077,5922.38502,5036.47194,4977.02891,-3.983,242.419,240.427,27.90203,28.53743,66.22119,471.9509,392.1386,4123012.42531,75.0,66.667,8.36789,7.124,71.456,67.371,77.826,5393.6657,5756.45965,6119.2536,0.69484,0.83302,188.40355,1.716,2.131,6025.20797,5788.92531,6073.97365,5279.24813
000905.SH,20241104,5835.3918,5928.9085,5835.3918,5928.9085,5831.8217,97.0868,1.6648,286552294.0,342776867.78,18839.3929,16596.33395,200.08749,5821.25062,1.072,2.212,5.219,5373.49,5731.039,6088.588,132.34657,232.88026,91.42637,130.86511,754.43852,726.19367,36.30779,43.70552,8.26989,29.0153,0.0,1.0,724.43895,795.85877,5806.50845,5641.75297,5261.07123,5489.17027,5867.83581,5242.8415,5165.4618,0.34959,0.38413,5776.46675,5297.00728,91.00191,79.63996,83.42728,5418.90659,5638.61793,5858.32927,0.0,18.0,5826.2828,5731.039,5200.60292,5411.74063,5862.4966,5014.41603,4965.81067,-24.321,242.917,230.756,28.18374,28.76966,59.19251,509.9202,345.6198,4086377.97611,75.0,63.889,9.40988,6.29411,66.373,64.531,67.475,5393.6657,5905.73995,6417.8142,0.70988,0.81723,167.94648,2.4,3.977,5979.07737,5744.60375,6045.07268,5254.12859
000905.SH,20241101,5893.3192,5934.2031,5795.0805,5831.8217,5901.2904,-69.4687,-1.1772,369840641.0,429257467.07,18058.17163,15890.94699,223.04594,5795.75739,-0.245,1.28,4.454,5375.784,5721.754,6067.725,125.41719,220.49899,75.42094,161.99045,756.58084,729.12507,32.45936,43.77884,7.88959,29.5336,1.0,0.0,687.73381,827.15606,5779.30844,5611.52607,5255.70708,5458.8435,5837.29947,5219.58499,5148.3057,0.39261,0.51037,5748.75007,5271.21539,73.84493,77.7463,76.44584,5377.7185,5611.34232,5844.96614,2.0,0.0,5803.81445,5721.75443,5198.04862,5363.99675,5853.45896,4996.48376,4956.54019,-24.522,245.957,233.696,28.39043,28.99568,52.1333,370.734,272.97425,4057722.74671,66.667,59.722,6.78865,4.94096,63.186,62.889,59.021,5387.338,5902.5761,6417.8142,0.73779,0.79069,151.54829,34.006,50.238,5969.72029,5735.61362,6035.6877,5245.97156
000905.SH,20241031,5839.9766,5935.1827,5812.0324,5901.2904,5837.9338,63.3566,1.0853,313549202.0,377454102.58,19397.9722,15129.99522,230.5785,5774.16916,1.246,3.04,6.763,5281.101,5690.247,6099.393,130.69884,235.8553,97.84178,188.67468,760.69563,733.93466,30.53887,43.66915,6.80724,28.44771,0.0,2.0,813.45771,858.14631,5767.63883,5588.33706,5251.07965,5433.12087,5840.03835,5198.8312,5132.94578,0.38217,0.65538,5733.64614,5248.3335,96.5269,78.39653,84.43998,5306.04404,5585.8308,5865.61756,0.0,16.0,5784.63426,5690.24662,5196.41603,5320.09988,5849.0322,4980.72696,4949.17351,-10.178,249.022,243.933,28.65595,29.24965,61.06453,428.7304,139.70565,4094706.81081,66.667,55.556,7.83418,2.64831,67.375,64.951,69.846,5021.5148,5719.6645,6417.8142,0.76815,0.75558,180.39771,6.383,14.098,5960.08904,5726.36006,6031.06826,5241.95652
000905.SH,20241030,5793.8326,5869.1113,5777.43,5837.9338,5812.5286,25.4052,0.4371,252021275.0,315956554.5,17781.2674,13843.69856,235.36272,5746.52979,0.518,2.573,6.746,5129.903,5642.091,6154.279,125.85161,227.37533,80.3232,188.82775,735.85452,735.45645,29.45088,43.80549,14.7507,23.47664,0.0,1.0,795.66515,885.5824,5737.93848,5555.3946,5245.85707,5400.83331,5809.41233,5175.01903,5115.67961,0.04803,0.80839,5703.16536,5221.6822,95.9562,75.3748,82.23526,5274.78006,5554.56718,5834.3543,0.0,1.0,5736.40405,5642.0913,5194.66698,5273.64712,5814.11494,4960.69349,4941.72463,-7.832,250.294,246.379,28.97058,29.54059,53.20021,229.7808,73.77825,4063351.89061,58.333,52.778,4.09726,1.43886,65.461,63.917,64.962,4719.3492,5568.5817,6417.8142,0.79295,0.71459,170.90101,15.454,35.642,5927.36011,5694.91462,6020.89723,5233.11629
000905.SH,20241029,5903.3065,5917.2149,5807.29,5812.5286,5883.7203,-71.1917,-1.21,275371143.0,332481504.89,17067.05872,12663.2365,238.659,5722.05463,0.323,2.472,7.359,4947.81,5586.768,6225.726,120.84962,223.25822,98.21232,208.35736,720.64541,736.09372,34.84163,46.81771,16.79565,21.66843,1.0,0.0,817.95501,922.13469,5715.71729,5525.65363,5241.10144,5370.68845,5795.15159,5152.54734,5099.44918,-0.09911,0.97999,5678.66201,5196.52907,99.35065,71.94456,81.07993,5233.81511,5525.76811,5817.72111,1.0,0.0,5698.71944,5586.76838,5193.41364,5229.28888,5801.80478,4941.87533,4934.71567,2.187,251.273,252.367,29.12186,29.85007,51.7381,341.7153,127.51213,4038149.76311,58.333,51.389,6.24615,2.52523,64.699,63.503,62.957,4719.3492,5568.5817,6417.8142,0.81876,0.66956,154.06401,19.996,43.006,5917.75101,5685.68234,6013.09586,5226.33566
000905.SH,20241028,5816.3296,5883.7203,5787.4843,5883.7203,5809.6879,74.0324,1.2743,270653787.0,312663682.66,17434.39766,11814.06674,242.95705,5689.23422,1.869,4.25,9.815,4791.401,5530.622,6269.843,126.82465,232.6672,101.70673,220.66854,708.49292,732.46026,42.38253,50.44204,20.66637,17.78501,0.0,2.0,935.90199,959.33844,5694.20367,5495.45627,5236.51166,5340.21672,5786.46309,5130.1751,5083.42493,-0.41424,1.16619,5654.32263,5171.38623,110.71525,67.37688,81.82301,5184.28654,5492.0934,5799.90026,0.0,13.0,5664.72258,5530.62177,5192.54489,5186.7864,5790.069,4923.93947,4928.05528,15.853,251.0,258.926,29.29542,30.20306,49.50318,192.8381,198.2331,4065686.87741,58.333,50.0,3.38854,4.06964,68.582,65.521,72.668,4503.1245,5460.46935,6417.8142,0.84129,0.62154,167.00117,0.0,0.0,5897.92352,5666.6324,6003.40614,5217.91374
000905.SH,20241025,5735.2853,5855.2647,5729.4384,5809.6879,5726.7041,82.9838,1.4491,236725708.0,299590180.53,16271.59959,11130.16675,241.2658,5648.75489,1.3,3.232,9.655,4614.5,5461.17,6307.84,126.54474,228.45482,53.34316,218.27109,703.49429,723.68478,51.10324,55.57896,17.09261,33.58911,0.0,1.0,912.22268,976.06113,5652.08887,5454.58637,5231.3132,5302.73371,5737.83448,5104.63119,5065.44076,0.37466,1.41476,5612.61396,5142.31137,97.89588,60.15382,72.73451,5122.5712,5454.24622,5785.92124,0.0,12.0,5637.16585,5461.17015,5191.33268,5144.0321,5754.16994,4903.63494,4920.39827,14.53,249.018,256.283,29.53984,30.5725,52.75762,74.0469,317.51747,4038621.49871,50.0,48.611,1.291,6.70524,66.676,64.393,68.451,4483.13,5450.4721,6417.8142,0.85826,0.57133,158.74941,9.874,10.104,5867.2683,5637.17934,5984.92388,5201.84973
000905.SH,20241024,5747.5577,5759.8651,5694.7789,5726.7041,5776.383,-49.6789,-0.86,207690046.0,257232250.89,14893.82513,10526.06689,237.26028,5609.88869,1.0,1.869,9.216,4467.839,5395.605,6323.372,117.67739,211.93813,26.21172,206.333,690.76178,706.15991,55.09831,59.28536,15.15466,41.30083,1.0,0.0,873.67535,965.73893,5617.06686,5417.20726,5226.66762,5267.77135,5701.90777,5080.73096,5048.71611,0.97064,1.56074,5576.78234,5115.07151,84.38885,53.86348,64.0386,5055.68247,5418.04789,5780.41331,2.0,0.0,5603.27839,5395.60526,5190.62746,5103.11197,5720.23632,4884.60785,4913.99011,19.037,247.202,256.72,29.91422,30.91906,54.41007,-428.8776,426.74163,4014948.92791,41.667,48.611,-6.9673,9.08231,64.46,63.097,63.139,4471.9438,5444.879,6417.8142,0.87814,0.52003,152.60015,27.567,28.214,5829.23785,5600.64029,5969.56543,5188.5008
000905.SH,20241023,5745.1069,5853.4555,5727.7736,5776.383,5753.8497,22.5333,0.3916,273412640.0,336167749.46,14057.59564,10509.8781,239.57275,5590.80416,2.677,2.104,11.235,4346.618,5335.29,6323.962,119.52046,216.32735,62.31284,224.91858,706.69815,681.78957,56.79944,62.58299,13.53316,46.42085,0.0,4.0,978.07426,972.54867,5592.70303,5384.62865,5222.65126,5236.12082,5689.50961,5058.83357,5033.48042,1.45278,1.63475,5549.52383,5090.10692,81.97275,48.77591,59.84153,4983.77796,5385.5144,5787.25084,0.0,10.0,5599.6962,5335.28975,5190.40721,5065.43789,5658.69316,4867.8761,4908.33196,34.342,244.823,261.993,30.4016,31.21468,59.50417,33.166,659.28788,4035717.93251,50.0,51.389,0.57748,13.82701,66.901,64.443,68.929,4437.5363,5427.67525,6417.8142,0.89776,0.46754,160.88624,20.643,16.763,5772.56861,5546.19338,5959.22518,5179.51348
000905.SH,20241022,5703.3196,5779.2983,5673.7901,5753.8497,5704.225,49.6247,0.87,237023624.0,312584329.12,12162.05862,10929.1618,237.16671,5549.67139,3.206,1.755,11.94,4233.501,5269.614,6305.727,111.60957,206.03833,55.26813,209.07517,724.27465,646.05688,58.1601,64.20856,13.22369,45.77231,0.0,3.0,1014.97885,965.42994,5551.88525,5343.39135,5218.20362,5198.86136,5646.07291,5034.50986,5016.78598,1.48582,1.69335,5508.27671,5062.09565,57.94448,43.24311,48.14357,4876.55081,5343.37163,5810.19245,0.0,9.0,5595.622,5269.6141,5189.82083,5024.45457,5595.6341,4852.70268,4902.02748,38.649,240.53,259.854,30.82748,31.41141,58.68319,552.1841,816.12187,4008376.66851,50.0,52.778,10.61552,17.3401,66.372,64.11,67.813,4397.161,5407.4876,6417.8142,0.91064,0.41397,142.05221,48.131,10.893,5707.69776,5483.86647,5938.91032,5161.85663
000905.SH,20241021,5680.5648,5797.8808,5631.2316,5704.225,5640.0198,64.2052,1.1384,266885186.0,359965731.44,11785.5233,12574.9577,234.79696,5487.90561,2.763,1.706,12.108,4135.032,5204.47,6273.907,111.56185,208.22394,56.19674,200.96583,783.75253,597.57815,58.7938,64.14864,13.0567,48.99077,0.0,2.0,1041.17752,976.03019,5507.00427,5300.18521,5213.90124,5160.5863,5592.18451,5010.12546,5000.22275,1.69766,1.77105,5463.62708,5033.86079,23.0326,40.79288,34.87279,4721.44097,5302.07959,5882.71821,0.0,7.0,5635.7952,5204.46955,5189.32692,4987.29672,5539.37616,4838.00607,4896.19359,39.881,235.699,255.639,31.23982,31.49758,57.97694,766.0411,905.38437,3984674.30611,50.0,54.167,15.51261,19.5814,65.249,63.387,65.542,4397.161,5407.4876,6417.8142,0.92299,0.35989,135.01096,69.676,23.17,5662.67944,5440.61357,5917.56225,5143.30177
000905.SH,20241018,5416.0319,5774.1408,5404.2035,5640.0198,5418.9883,221.0315,4.0788,287114219.0,352062136.79,10448.65396,13571.56565,230.07222,5426.86408,2.324,1.719,11.915,4058.095,5144.088,6230.081,110.43912,196.10197,38.33166,191.8795,804.67678,528.67247,58.50155,62.53458,12.96483,51.5653,0.0,1.0,1036.23814,959.0517,5463.17744,5257.6547,5209.96289,5123.09397,5536.16427,4986.59666,4984.40248,1.75927,1.85011,5419.882,5006.49899,2.33801,43.75293,29.94795,4600.46358,5259.0235,5917.58342,0.0,5.0,5639.6944,5144.0879,5189.14235,4949.08591,5520.16176,4824.23052,4891.4571,41.758,230.714,251.593,31.51208,31.42795,56.61671,908.5443,945.70138,3957985.78751,50.0,55.556,19.20213,20.76015,63.817,62.449,62.706,4397.161,5407.4876,6417.8142,0.93664,0.3053,118.08574,75.479,35.251,5632.64573,5411.75766,5897.58281,5125.93646
000905.SH,20241017,5499.7659,5541.0331,5417.881,5418.9883,5461.0877,-42.0994,-0.7709,202768685.0,234458932.48,6535.00558,13641.99018,214.09108,5382.03655,-1.837,-0.915,8.461,3993.893,5087.833,6181.772,97.3177,180.1261,19.74138,180.3003,775.91348,446.93915,60.05468,60.2007,14.00113,50.40097,3.0,0.0,850.28948,978.83516,5423.87913,5217.40574,5206.50862,5087.44392,5484.23651,4964.44672,4969.6695,1.59241,1.82288,5379.85695,4980.64099,-2.62683,50.65541,32.89467,4579.95966,5222.48688,5865.0141,8.0,0.0,5595.85898,5087.8327,5189.34535,4911.08554,5486.32046,4811.17318,4888.14521,47.625,225.494,249.306,31.61915,31.17756,54.07559,729.3919,1000.93125,3929274.36561,50.0,58.333,15.5534,22.2027,58.409,58.983,51.174,4397.161,5407.4876,6417.8142,0.95127,0.24993,109.93932,71.534,94.749,5609.43891,5389.46091,5883.76647,5113.92786
000905.SH,20241016,5393.6657,5546.1764,5393.6657,5461.0877,5472.56,-11.4723,-0.2096,205450926.0,222425749.32,5976.64683,13480.43946,212.72129,5384.40746,-2.011,0.977,10.072,3931.514,5042.269,6153.023,95.23139,170.37486,28.17627,173.58899,742.22717,361.90484,63.47241,56.52762,14.27836,51.39895,2.0,0.0,914.53379,1036.38973,5424.96599,5196.18653,5204.80196,5064.57879,5516.86061,4949.03853,4959.57245,1.57667,1.73534,5372.74216,4962.74927,24.34729,59.53579,47.80629,4535.89536,5197.5591,5859.22284,7.0,0.0,5547.77854,5042.26865,5190.36678,4880.29545,5540.69924,4802.49608,4886.53499,91.451,219.541,265.266,31.68794,30.7614,55.93386,966.3999,1085.87412,3949551.23411,58.333,61.111,21.50093,24.20302,59.974,59.994,53.815,4397.161,5407.4876,6417.8142,0.96439,0.19365,113.69273,56.329,90.291,5663.4115,5441.31693,5890.30001,5119.60655
000905.SH,20241015,5578.2611,5661.0749,5471.8807,5472.56,5608.153,-135.593,-2.4178,238997019.0,276816614.63,8575.36114,12900.64783,207.7933,5382.09809,-3.803,2.719,11.11,3877.946,4994.574,6111.201,94.55284,181.90404,44.08174,180.18358,684.31082,276.01404,68.36655,53.26055,12.28546,54.15618,1.0,0.0,935.3619,1151.39293,5416.93894,5168.30219,5202.74344,5037.23334,5544.74707,4931.68093,4948.30244,1.82295,1.60201,5356.67933,4942.40892,37.10531,65.40054,55.96879,4506.51636,5169.19936,5831.88236,1.0,0.0,5474.81732,4994.5736,5191.10905,4849.73784,5595.6099,4792.87624,4884.84002,138.766,208.109,277.493,31.58202,30.17059,60.38505,974.1699,1198.25178,3970096.32671,58.333,62.5,21.65597,26.67599,60.378,60.263,54.454,4397.161,5407.4876,6417.8142,0.95192,0.13653,132.64499,55.653,93.643,5734.90446,5510.00625,5894.6007,5123.34454
000905.SH,20241014,5503.6461,5623.9685,5408.3917,5608.153,5470.8133,137.3397,2.5104,250608541.0,279231292.49,10595.39766,11926.95648,202.23164,5379.58495,-2.196,6.893,14.762,3836.868,4947.818,6058.768,99.71424,196.63562,53.55129,174.22882,620.73811,193.36715,70.25703,48.35397,14.14204,54.7983,0.0,1.0,1078.58036,1192.36882,5404.5787,5136.27506,5200.57624,5007.21082,5580.8406,4913.34605,4936.52138,1.68844,1.43478,5335.61012,4920.7701,45.10692,70.11641,61.77991,4466.65462,5130.67594,5794.69726,0.0,1.0,5396.52096,4947.81832,5191.88546,4818.55542,5732.21424,4783.6563,4883.01891,194.259,190.764,287.893,31.34447,29.42484,63.4066,1087.7591,1241.8084,3993996.02861,58.333,63.889,24.06337,27.6348,65.134,63.497,61.655,4397.161,5407.4876,6417.8142,0.9096,0.0797,156.07225,42.287,78.572,5863.41194,5633.47422,5899.17662,5127.32174
000905.SH,20241011,5650.0488,5652.852,5408.8696,5470.8133,5690.8822,-220.0689,-3.867,244383373.0,266749263.11,10230.60102,10319.89439,193.88207,5338.02206,-3.45,6.108,12.884,3820.013,4897.465,5974.918,100.31689,195.03226,58.11313,181.11621,528.24568,115.09657,69.50349,44.4742,16.0801,57.27859,3.0,0.0,939.30657,1117.53488,5359.33997,5086.60369,5197.30253,4965.76653,5567.1844,4889.79327,4921.42853,1.63679,1.25616,5286.05686,4892.71366,50.94554,74.28466,66.50495,4453.48125,5086.86943,5720.25761,4.0,0.0,5285.17444,4897.46522,5192.24812,4782.7293,5759.22704,4772.51595,4879.9095,233.388,166.481,283.175,30.82207,28.57836,58.97031,1007.9432,1176.26172,3968935.17451,58.333,65.278,22.58509,26.19228,62.383,61.491,56.837,4397.161,5407.4876,6417.8142,0.82999,0.02443,146.70837,48.949,67.822,5882.94632,5652.24255,5884.78048,5114.8092
000905.SH,20241010,5768.6107,5875.9358,5597.4766,5690.8822,5735.641,-44.7588,-0.7804,353480245.0,390814224.05,14731.93724,8653.72211,183.33516,5340.78526,2.032,12.205,18.354,3800.815,4853.029,5905.242,111.5019,229.50611,96.33397,226.049,447.05838,46.24917,66.5676,40.19562,11.34292,62.16088,2.0,0.0,1154.93889,1020.73164,5334.56812,5046.16058,5195.10565,4930.93572,5615.36995,4870.09768,4909.08281,1.98015,1.05842,5252.46478,4869.11775,67.11291,78.17451,74.48731,4455.56475,5042.24043,5628.91611,3.0,0.0,5187.93212,4853.02876,5192.81254,4753.27292,5705.3975,4762.07177,4878.19078,299.419,137.308,287.017,30.00971,27.70988,64.78461,1239.9235,1075.05943,3993373.51181,66.667,65.278,27.85745,23.90004,70.56,67.158,68.296,4397.161,5407.4876,6417.8142,0.72111,-0.0276,161.2627,37.358,42.799,5814.06855,5586.06587,5889.13779,5118.5964
000905.SH,20241009,6013.7015,6088.0804,5704.4779,5735.641,6155.5817,-419.9407,-6.8221,431156416.0,529447530.36,18250.43264,6564.86226,172.86534,5265.65947,5.87,15.439,20.528,3814.47,4798.309,5782.148,116.43563,244.12623,138.55585,274.27963,349.37121,-14.3341,60.34673,34.5501,8.6752,66.84673,1.0,0.0,1195.61691,851.67055,5255.38721,4978.29514,5191.12351,4878.52561,5577.61382,4842.27447,4891.51428,2.18514,0.84299,5172.75253,4835.57635,81.51718,80.01811,80.5178,4414.19207,4970.74663,5527.30119,2.0,0.0,5070.88329,4798.30874,5192.65303,4716.97716,5554.85784,4748.50538,4874.64064,330.919,99.88,265.34,29.12217,26.88888,74.56108,1239.0491,890.13625,4028721.53631,66.667,62.5,27.55529,19.72942,72.328,68.387,70.712,4397.161,5407.4876,6417.8142,0.56401,-0.07478,212.6822,34.448,40.164,5644.68348,5423.32335,5845.99322,5081.09691
000905.SH,20241008,6417.8142,6417.8142,5868.8525,6155.5817,5743.217,412.3647,7.18,493546420.0,579263323.62,28620.01762,3984.37649,154.92391,5136.90334,17.399,26.52,30.773,3849.639,4738.871,5628.102,139.74123,393.34026,241.60959,426.68475,239.48738,-65.10078,49.58284,29.04535,5.74779,75.69171,0.0,6.0,1604.55297,667.12518,5148.66414,4898.57453,5186.74988,4819.41421,5498.60024,4811.99086,4872.54514,2.40918,0.61111,5070.40917,4798.83901,105.3798,79.76827,88.30545,4397.11258,4878.95858,5360.80458,0.0,337.0,4943.6062,4738.87085,5192.46207,4681.88789,5354.02474,4732.63831,4869.94968,341.479,58.515,229.255,28.1431,26.14802,86.74551,1640.6659,701.5468,4071837.17791,66.667,59.722,36.33879,15.52793,92.189,81.848,97.752,4397.161,5407.4876,6417.8142,0.37896,-0.11461,329.91175,12.978,13.696,5428.99144,5216.08981,5767.62545,5012.98287
000905.SH,20240930,5449.7889,5757.9213,5387.338,5743.217,5201.6656,541.5514,10.4111,388703200.0,418784669.57,21751.60282,367.86366,128.99195,4913.11323,15.64,21.458,23.778,4056.16,4663.047,5269.935,225.844,276.66454,261.19548,330.78379,94.69565,-104.68044,38.15455,21.97188,9.776,66.48483,0.0,5.0,1181.21726,380.41522,4924.90469,4766.25798,5178.9681,4727.26473,5170.1095,4766.44541,4843.71286,1.51422,0.33797,4873.10507,4743.46176,116.23846,75.49968,89.07927,4386.88751,4745.43673,5103.98595,0.0,252.0,4773.1439,4663.04749,5190.7185,4632.38113,5060.82768,4711.14969,4861.1355,242.548,15.831,137.105,27.10756,25.50567,79.19261,1235.5096,411.1368,4022482.53591,66.667,55.556,27.40882,9.10237,89.624,77.721,96.728,4397.161,5077.54115,5757.9213,0.17911,-0.14547,246.62844,1.081,1.153,5121.71954,4920.86779,5420.58338,4711.34817
000905.SH,20240927,5027.2644,5227.9577,5021.5148,5201.6656,4938.1839,263.4817,5.3356,230177508.0,232646658.01,11152.89924,-2425.00255,106.30762,4736.37741,9.302,12.453,13.334,4252.896,4603.782,4954.667,204.09888,201.06605,255.19228,238.14766,-12.65635,-128.72998,26.45091,16.8555,15.66666,53.12503,0.0,4.0,629.57671,163.58891,4743.05751,4663.42019,5174.43598,4657.19905,4883.55575,4733.33451,4823.49928,0.8045,0.16852,4714.9029,4702.65543,115.05786,68.70988,84.1592,4390.64933,4652.37827,4914.10721,0.0,70.0,4648.48139,4603.78167,5190.56429,4597.55306,4811.12184,4696.00438,4858.08427,147.936,-14.488,59.48,26.26555,25.0199,69.79705,694.479,197.13635,3983612.21591,66.667,52.778,15.40826,4.35648,82.842,68.792,93.476,4397.161,4812.55935,5227.9577,0.03565,-0.16658,188.10865,3.165,3.478,4886.42356,4694.79911,5224.04254,4540.52295
000905.SH,20240926,4725.996,4938.1839,4719.3492,4938.1839,4731.4755,206.7084,4.3688,229930323.0,196122560.31,4919.49835,-4145.59227,94.10574,4642.07963,6.301,8.11,8.25,4347.66,4568.699,4789.737,158.34063,147.91102,230.08059,181.66757,-74.42961,-142.10705,19.44491,12.59477,18.47513,41.65058,0.0,3.0,358.48714,40.95451,4641.1446,4606.76278,5174.21726,4619.64964,4724.50083,4717.45888,4815.00116,0.37675,0.08666,4626.4006,4682.28766,111.49302,60.98522,77.82115,4386.12001,4599.95711,4813.79421,0.0,52.0,4579.80641,4568.69883,5192.56603,4579.73331,4670.46674,4691.15869,4861.1648,95.314,-32.98,14.677,25.61122,24.65225,66.51631,400.7295,61.6031,3960594.46511,58.333,50.0,8.83159,1.36191,75.783,61.619,89.074,4397.161,4667.67245,4938.1839,-0.05163,-0.18018,151.74448,0.0,0.0,4750.34162,4564.05372,5176.77285,4499.43809
000905.SH,20240925,4743.6343,4847.2034,4724.4301,4731.4755,4689.5964,41.8791,0.893,204593519.0,182209573.75,178.73057,-5251.53593,86.0274,4571.43212,3.619,4.347,4.052,4402.782,4546.554,4690.326,141.497,132.54365,242.48837,155.74754,-116.68083,-150.24788,13.82365,10.1664,20.75445,40.11912,0.0,2.0,140.57235,-47.37138,4575.13586,4571.87635,5176.11312,4597.68175,4617.6593,4709.97668,4812.23301,0.31788,0.04332,4569.71272,4671.84292,95.06068,52.56725,66.73173,4382.81128,4572.0327,4761.25412,0.0,28.0,4536.75876,4546.55391,5195.67489,4572.85502,4586.90874,4691.34691,4867.66833,58.001,-44.894,-15.894,25.08366,24.37453,63.09683,130.3844,-21.02357,3937601.43281,50.0,48.611,2.83377,-0.45751,65.607,53.601,80.452,4397.161,4622.1822,4847.2034,-0.10777,-0.18874,138.85804,25.715,25.715,4674.34209,4491.03456,5168.84899,4492.55099
000905.SH,20240924,4524.2214,4690.5736,4503.1245,4689.5964,4494.6878,194.9086,4.3364,177144703.0,159947071.68,-1161.55231,-6047.69362,79.89026,4535.26485,3.764,3.672,3.254,4421.086,4537.198,4653.311,125.99381,111.17077,145.20881,126.53381,-142.15815,-155.17135,8.75347,8.02724,22.73765,29.2001,0.0,1.0,88.34465,-102.58808,4540.39372,4555.07644,5179.6845,4588.4546,4560.75119,4709.2479,4814.04779,0.08081,-0.00322,4540.30131,4669.40894,97.89507,45.48501,62.95503,4382.94564,4551.43582,4719.926,0.0,25.0,4514.32987,4537.19811,5199.83269,4572.27779,4533.18766,4695.875,4876.11743,37.017,-52.144,-33.636,24.67702,24.208,60.02037,107.5124,-50.92932,3917142.08091,50.0,48.611,2.34636,-1.11147,62.696,51.639,77.447,4397.161,4550.75085,4704.3407,-0.14159,-0.19375,111.59454,0.333,0.333,4611.25707,4430.42345,5174.04407,4497.06634
000905.SH,20240923,4495.7805,4545.5411,4483.13,4494.6878,4498.3901,-3.7023,-0.0823,89935227.0,85104838.09,-5475.22331,-6734.4169,71.90091,4508.97658,0.164,-0.439,-1.032,4436.812,4529.573,4622.333,118.61882,96.43627,-30.86431,96.41411,-161.9677,-158.1673,8.50786,7.3665,25.23406,17.78535,2.0,0.0,-115.70676,-142.74047,4507.23757,4540.91644,5183.62095,4581.4793,4496.32859,4709.91406,4816.84445,-0.14285,-0.01857,4513.15675,4668.58496,60.29721,36.75,44.59907,4398.49595,4543.40119,4688.30643,2.0,0.0,4499.11567,4529.57265,5204.17322,4573.30159,4485.46012,4700.09476,4884.28486,10.487,-56.771,-51.528,24.289,24.14519,48.84501,-101.7941,-68.63033,3899427.61061,41.667,50.0,-2.21461,-1.49769,41.61,40.402,44.152,4397.161,4550.75085,4704.3407,-0.1629,-0.1964,104.38638,54.88,43.161,4574.99898,4395.58726,5177.78089,4500.31423
000905.SH,20240920,4514.9598,4515.8064,4471.9438,4498.3901,4520.3939,-22.0038,-0.4868,94312044.0,89084435.75,-6431.12177,-6834.26126,72.22034,4509.77217,0.172,-0.544,-1.109,4440.134,4531.507,4622.88,106.27258,86.81217,-55.83863,83.78185,-160.22825,-159.99662,5.78921,6.14757,23.08627,25.08028,1.0,0.0,-119.74065,-148.28924,4510.02641,4545.78261,5189.15455,4587.46492,4497.14899,4717.20986,4824.08392,0.04133,-0.01314,4516.51474,4675.6828,49.78683,32.82547,38.47926,4405.01005,4547.15013,4689.29021,1.0,0.0,4509.756,4531.50673,5209.02896,4582.00583,4485.84094,4707.31748,4894.86228,8.626,-58.082,-53.769,24.19293,24.17384,51.23989,-48.4931,-56.57192,3908421.13331,50.0,52.778,-1.06651,-1.23658,42.024,40.574,45.208,4397.161,4550.75085,4704.3407,-0.1678,-0.19725,105.74389,56.643,41.004,4577.06322,4397.57054,5179.83085,4502.09598
000905.SH,20240919,4481.4635,4565.3899,4437.5363,4520.3939,4462.8701,57.5238,1.2889,115611868.0,105405904.2,-6156.66125,-6513.6926,71.2279,4508.32719,0.627,-0.147,-0.807,4442.833,4535.943,4629.054,109.40353,89.96269,-45.00834,81.94947,-158.77431,-163.33103,7.2601,6.21026,22.00284,28.24108,0.0,2.0,-106.22969,-157.58714,4512.61226,4550.7713,5194.70286,4593.60802,4496.52843,4724.62748,4831.40288,0.09818,-0.01971,4519.81012,4682.91924,42.90987,29.99857,34.30234,4405.93464,4552.5996,4699.26456,0.0,6.0,4518.12539,4535.94332,5213.84621,4590.45752,4489.14608,4716.01818,4905.99948,5.87,-59.161,-56.226,24.05968,24.22622,58.22209,-118.7205,-53.38637,3917852.33771,50.0,54.167,-2.55912,-1.16675,44.43,41.58,51.286,4397.161,4550.75085,4704.3407,-0.17159,-0.19721,122.42215,47.219,28.18,4579.80074,4400.20072,5182.71478,4504.60257
000905.SH,20240918,4450.089,4474.722,4397.161,4462.8701,4450.9587,11.9114,0.2676,90989683.0,79102523.65,-7554.42507,-6308.82569,69.63382,4509.28693,-0.605,-1.633,-2.201,4442.929,4540.024,4637.119,104.86315,81.23364,-137.07399,60.0539,-158.29561,-167.63715,5.74462,5.82807,24.1621,21.94113,0.0,1.0,-171.46819,-170.92363,4510.883,4553.96892,5200.119,4598.65727,4484.5957,4731.55065,4838.39185,-0.04911,-0.0365,4519.70398,4689.55293,19.49502,27.84669,25.0628,4422.41135,4557.31815,4692.22495,0.0,1.0,4525.73419,4540.0241,5218.92615,4598.13692,4486.60878,4723.15552,4916.94243,-1.777,-59.894,-60.783,23.9449,24.29848,51.24724,-95.0305,-37.96343,3906291.15091,50.0,55.556,-2.08496,-0.83649,35.593,37.71,31.108,4397.161,4550.75085,4704.3407,-0.17367,-0.19657,103.29808,71.856,61.705,4576.39816,4396.93157,5184.63289,4506.26971
000905.SH,20240913,4500.3949,4509.072,4450.9587,4450.9587,4496.5919,-45.6332,-1.0148,92533757.0,85710614.26,-7545.11072,-5939.90002,68.9366,4521.46271,-1.144,-2.066,-2.701,4442.222,4551.029,4659.835,104.50533,85.47669,-115.26619,69.59947,-156.30923,-172.64017,6.50916,9.87743,22.99549,22.36487,2.0,0.0,-190.72782,-169.71311,4521.55254,4563.55827,5206.04067,4608.0219,4495.45849,4740.65847,4846.83054,-0.01081,-0.03915,4530.03742,4698.80529,12.08991,29.23864,23.52239,4431.30016,4569.14978,4706.9994,1360.0,0.0,4534.1355,4551.02873,5224.22953,4605.83618,4495.47208,4731.98951,4928.85937,-0.374,-59.672,-59.859,24.08445,24.39951,51.51726,-49.0501,-30.40292,3897192.18261,50.0,56.944,-1.09,-0.66945,33.589,36.881,25.805,4432.9128,4581.3935,4729.8742,-0.17089,-0.19561,87.45379,90.95,89.997,4588.96386,4409.00449,5192.97011,4513.51608
000905.SH,20240912,4518.9882,4568.7462,4496.5919,4496.5919,4514.9158,-18.3239,-0.4059,86654304.0,80916511.38,-6177.05927,-5366.38211,68.32621,4536.21191,-0.682,-1.151,-1.938,4451.53,4562.0,4672.469,111.73385,87.92099,-47.70479,73.82284,-145.79978,-177.37308,7.30101,15.7121,19.07473,23.77492,1.0,0.0,-152.5697,-156.34729,4537.24006,4575.41086,5212.10559,4618.85384,4517.70839,4750.4788,4855.72654,0.06777,-0.04535,4544.41536,4708.92147,27.96717,32.09676,30.72023,4422.13332,4579.55188,4736.97044,11.0,0.0,4552.95107,4561.99974,5229.74483,4617.09142,4512.77122,4742.84569,4941.14618,6.059,-59.626,-56.596,24.30019,24.489,58.07095,1.3063,-22.38097,3906445.55831,58.333,58.333,0.02906,-0.49111,37.71,38.777,34.213,4432.9128,4581.3935,4729.8742,-0.16886,-0.19483,103.00398,76.539,67.794,4607.40643,4426.72382,5201.21578,4520.68288
000905.SH,20240911,4490.1867,4529.3452,4479.0306,4514.9158,4507.7074,7.2084,0.1599,85206842.0,81707868.06,-6052.9979,-5156.69729,69.64923,4543.15205,-0.591,-0.746,-1.739,4451.009,4572.089,4693.169,109.29212,84.59825,-74.01473,70.94669,-146.42703,-183.77072,6.22514,20.84455,21.08422,20.66553,0.0,2.0,-148.99939,-153.60967,4546.27298,4583.70759,5217.85269,4627.2857,4528.26664,4759.08513,4863.79698,-0.01331,-0.05577,4553.11054,4717.58799,24.76745,32.78502,30.1125,4422.25126,4585.75278,4749.2543,0.0,2.0,4559.08194,4572.0889,5234.76168,4628.97077,4533.67106,4752.81191,4951.83689,8.257,-60.383,-56.255,24.46087,24.56182,52.13808,-29.4436,-39.41182,3915110.98871,58.333,56.944,-0.64792,-0.85498,39.494,39.559,38.4,4432.9128,4589.66115,4746.4095,-0.17081,-0.19418,119.86586,69.788,58.527,4625.58041,4444.1851,5205.30637,4524.23825
000905.SH,20240910,4509.3236,4528.6691,4432.9128,4507.7074,4507.1866,0.5208,0.0116,98529542.0,87011759.81,-6139.93825,-5299.36223,70.37161,4550.94423,-1.046,-0.958,-2.109,4454.879,4579.697,4704.514,104.99387,93.50216,-121.62747,65.22514,-155.83791,-189.77422,6.50593,26.11379,26.24462,20.22035,0.0,1.0,-175.52803,-149.74195,4553.24124,4590.94883,5223.49877,4635.03535,4534.94205,4767.36206,4871.637,-0.10102,-0.08518,4560.05504,4725.86032,21.94611,34.12129,30.06289,4431.3763,4593.96214,4756.54798,0.0,1.0,4557.59124,4579.69676,5239.65961,4641.35403,4547.1047,4763.71032,4963.08321,9.098,-61.415,-56.866,24.50723,24.62556,45.82315,-29.3798,-46.82072,3906590.30451,58.333,56.944,-0.64755,-1.01071,38.444,39.096,35.825,4432.9128,4589.66115,4746.4095,-0.17418,-0.19354,121.90905,72.444,62.173,4640.96418,4458.96558,5210.49769,4528.75033
000905.SH,20240909,4517.5658,4541.7935,4487.8427,4507.1866,4537.4544,-30.2678,-0.6671,91944608.0,81907584.83,-7782.84633,-5750.87697,68.14617,4563.77221,-1.199,-1.022,-2.336,4454.266,4590.903,4727.541,114.9831,95.29811,-95.76575,68.62993,-165.91548,-194.50362,5.16041,30.82836,23.14967,21.66062,2.0,0.0,-186.24865,-150.72582,4563.35987,4599.71108,5229.2481,4643.81659,4548.55938,4776.16391,4879.8152,-0.05734,-0.10809,4569.57279,4734.76452,21.6481,36.15048,31.31635,4450.0423,4604.93046,4759.81862,7.0,0.0,4556.34906,4590.90316,5244.72939,4647.73985,4564.8596,4775.76338,4974.4265,12.934,-62.552,-56.085,24.49324,24.67084,46.26564,-26.1829,-67.17272,3896737.35031,58.333,55.556,-0.57756,-1.44017,38.373,39.064,35.663,4475.2228,4610.81615,4746.4095,-0.17816,-0.19284,102.47375,86.049,86.61,4659.90912,4477.16759,5217.86035,4535.14965
000905.SH,20240906,4609.3419,4613.3097,4535.3486,4537.4544,4601.0911,-63.6367,-1.3831,90147596.0,80215749.1,-8028.78516,-5932.00873,67.50554,4578.64327,-1.012,-0.405,-1.896,4460.262,4601.252,4742.242,118.31719,95.10501,-9.41906,70.45843,-172.11769,-197.33097,5.91152,36.87853,25.04165,20.73639,1.0,0.0,-164.2051,-136.07618,4575.84282,4609.4505,5235.04779,4653.23934,4569.24577,4785.28179,4888.18887,-0.09395,-0.13594,4580.91573,4744.05342,42.8623,38.56754,39.99913,4463.61289,4614.68375,4765.75461,6.0,0.0,4560.06634,4601.25176,5249.78191,4654.46178,4572.79892,4787.42907,4984.80378,19.898,-64.169,-54.22,24.55107,24.71465,46.18947,-49.6674,-67.46868,3905931.81111,58.333,55.556,-1.08276,-1.44376,40.879,40.254,40.627,4475.2228,4610.81615,4746.4095,-0.18467,-0.19228,101.92264,72.839,98.754,4671.58338,4488.38403,5224.85978,4541.23327
000905.SH,20240905,4585.1677,4630.6388,4582.0535,4601.0911,4582.084,19.0071,0.4148,80583723.0,80148632.78,-6473.66693,-6076.12675,67.84693,4587.7346,0.302,0.9,-0.66,4463.545,4610.395,4757.244,123.95043,99.54282,46.63846,80.11018,-180.26095,-199.16565,13.24569,42.3969,20.59924,23.29492,0.0,1.0,-110.53289,-140.31672,4584.37358,4617.02904,5240.65095,4661.22451,4585.14146,4793.68272,4896.07055,-0.01777,-0.1535,4588.81779,4752.48603,63.55049,37.85175,46.418,4477.52705,4620.22545,4762.92385,0.0,3.0,4560.02962,4610.39456,5254.20865,4661.09253,4593.13092,4798.68971,4995.25974,25.047,-66.656,-54.133,24.62139,24.74702,52.92579,-0.9184,-88.1799,3914946.57071,58.333,54.167,-0.01996,-1.87594,46.765,42.889,53.729,4475.2228,4640.161,4805.0992,-0.19578,-0.1917,100.03818,45.064,45.064,4687.26002,4503.4459,5228.54147,4544.43324
000905.SH,20240904,4567.6858,4623.3782,4552.3037,4582.084,4596.4819,-14.3979,-0.3132,92435685.0,88646018.09,-3225.43511,-6321.33661,69.91134,4580.95869,0.255,0.481,-1.237,4458.326,4618.131,4777.935,140.5727,112.60972,6.39774,75.01576,-193.57232,-199.70577,24.12319,46.63762,20.65628,22.60921,1.0,0.0,-136.14396,-164.64557,4580.65858,4618.70672,5245.78797,4665.37164,4577.16664,4800.21125,4902.6993,-0.05299,-0.18486,4586.58628,4758.66541,59.33968,33.56863,42.15898,4475.12954,4621.87082,4768.6121,1.0,0.0,4553.25746,4618.13075,5258.12913,4663.23779,4584.49282,4808.58136,5003.82673,20.148,-69.787,-59.713,24.73714,24.78242,46.53969,-100.8788,-123.71847,3906888.19841,50.0,52.778,-2.15417,-2.62973,44.58,41.799,49.691,4475.2228,4640.161,4805.0992,-0.21046,-0.19097,105.05586,53.36,53.36,4674.71103,4491.38903,5228.9843,4544.81813
000905.SH,20240903,4543.2198,4612.2826,4543.2198,4596.4819,4546.8832,49.5987,1.0908,98589686.0,92749159.67,-4107.99217,-6817.70359,69.53173,4586.31947,0.89,0.611,-1.167,4457.597,4626.624,4795.651,131.70086,108.62401,-6.64578,76.23988,-201.83549,-198.01275,35.46396,46.74438,22.0216,20.86888,0.0,1.0,-125.79307,-187.07232,4580.34182,4622.56174,5251.11893,4671.11562,4574.70796,4807.60539,4909.90414,-0.07293,-0.22375,4587.40488,4765.87282,61.20809,29.27345,39.91833,4487.40827,4625.65491,4763.90155,0.0,1.0,4553.76124,4626.62359,5262.41149,4666.10373,4568.07778,4819.42918,5011.35175,16.548,-72.306,-64.031,24.8433,24.81871,46.56976,-73.897,-144.40947,3916131.76691,58.333,51.389,-1.58225,-3.06523,45.887,42.386,52.588,4475.2228,4640.161,4805.0992,-0.22251,-0.19004,105.8263,47.076,47.076,4657.87943,4475.2175,5231.34375,4546.86887
000905.SH,20240902,4631.9003,4632.3107,4546.8393,4546.8832,4639.1144,-92.2312,-1.9881,126368517.0,115893027.85,-3865.16832,-7143.90862,70.13259,4584.40079,-0.008,-0.608,-2.487,4457.609,4634.338,4811.067,119.01224,99.63719,-23.16699,74.17635,-208.32578,-195.13689,45.72166,47.25141,23.11563,20.95944,1.0,0.0,-181.43127,-204.43298,4576.75513,4625.30699,5256.37706,4676.26277,4563.82099,4814.76212,4916.94733,-0.06664,-0.26367,4585.75452,4772.78673,52.34398,23.95101,33.41534,4486.41171,4630.04019,4773.66867,2.0,0.0,4554.314,4634.33829,5266.54356,4670.31431,4547.83852,4829.77899,5018.75794,8.592,-74.374,-70.078,24.7789,24.8426,39.85983,-151.4918,-167.33588,3906272.79831,50.0,48.611,-3.22434,-3.54256,40.364,39.583,43.057,4475.2228,4640.161,4805.0992,-0.23268,-0.18903,91.85057,68.723,68.723,4640.62525,4458.63994,5234.04043,4549.21271
000905.SH,20240830,4557.5014,4704.3407,4548.3827,4639.1144,4557.9006,81.2138,1.7818,151593361.0,144749168.23,-1809.93167,-7406.56684,73.15511,4585.07956,2.057,1.129,-0.645,4467.917,4641.687,4815.456,139.93355,118.00609,22.97387,74.32233,-203.63835,-191.35525,56.4963,47.57473,25.57928,21.8646,0.0,3.0,-98.35082,-215.14713,4583.39334,4633.56212,5262.0758,4685.1855,4572.28989,4823.84276,4925.26338,-0.02599,-0.28538,4592.82203,4782.00729,65.01634,19.21885,34.48468,4497.90088,4635.79764,4773.6944,0.0,8.0,4567.92196,4641.68652,5271.32027,4680.9508,4547.33376,4840.81393,5026.1067,7.443,-75.448,-71.727,24.7561,24.85593,41.18982,-27.9587,-177.89618,3918909.65001,58.333,47.222,-0.59906,-3.75873,48.866,43.34,62.538,4475.2228,4660.8824,4846.542,-0.23818,-0.18804,108.82551,35.641,28.468,4635.42944,4453.6479,5239.37861,4553.85244
000905.SH,20240829,4483.5534,4577.7919,4475.2228,4557.9006,4500.0088,57.8918,1.2865,103115562.0,96829969.89,-4080.21106,-7850.14756,69.93703,4571.13903,0.66,-0.692,-2.445,4463.99,4649.162,4834.333,130.2555,104.21723,-67.52909,50.04354,-209.7762,-188.98554,67.84554,47.03831,32.0003,9.71845,0.0,2.0,-189.64833,-241.98642,4571.01088,4632.97767,5267.07951,4688.36282,4538.87763,4830.10474,4931.6937,-0.27799,-0.26631,4584.40523,4787.83965,24.71185,11.58594,15.96124,4520.45717,4636.34343,4752.22969,0.0,5.0,4571.04841,4649.1616,5275.60693,4688.71542,4526.92832,4850.64203,5033.08966,-11.599,-76.378,-82.178,24.74528,24.87026,30.63163,-173.9347,-209.47082,3903750.31391,50.0,44.444,-3.67584,-4.42159,38.391,38.407,43.919,4475.2228,4674.9671,4874.7114,-0.24312,-0.18732,89.47648,67.533,31.002,4615.3216,4434.3286,5239.91081,4554.315
000905.SH,20240828,4486.4311,4527.7686,4482.0324,4500.0088,4495.2856,4.7232,0.1051,82681199.0,74244549.23,-7479.64728,-7919.9194,69.48796,4578.54019,-0.725,-2.262,-3.837,4463.765,4663.915,4864.065,116.28498,94.16451,-107.5353,55.17361,-206.46205,-185.93652,71.5481,42.67227,32.69637,5.45435,0.0,1.0,-256.50596,-246.18338,4573.92428,4640.88052,5272.77573,4697.36021,4529.36614,4839.332,4940.09354,-0.30725,-0.22866,4589.22426,4797.22492,4.32845,9.39829,7.70834,4531.7082,4646.8036,4761.899,0.0,1.0,4585.09585,4663.91519,5280.48651,4699.37512,4522.0221,4862.64269,5041.50039,-22.25,-74.929,-86.054,24.83381,24.89407,22.00714,-214.1498,-198.26937,3893438.75771,50.0,44.444,-4.54269,-4.18791,28.87,34.511,20.424,4482.0324,4705.1368,4928.2412,-0.23635,-0.18729,74.85196,93.2,86.047,4616.30195,4435.27051,5248.45755,4561.74348
000905.SH,20240827,4532.4861,4532.4861,4487.0915,4495.2856,4544.3594,-49.0738,-1.0799,82529205.0,78742868.64,-10655.08568,-7611.95069,77.24482,4595.1716,-1.2,-2.742,-4.079,4475.642,4683.235,4890.829,96.63055,80.34115,-125.70146,76.33793,-203.13185,-182.83207,69.15205,37.43703,32.54106,5.17492,1.0,0.0,-270.70448,-237.52463,4590.34994,4655.70912,5278.98269,4710.97066,4544.04482,4850.83448,4949.98309,-0.30795,-0.18469,4605.44525,4809.35619,3.32125,10.24326,7.93592,4543.01181,4661.91241,4780.81301,133.0,0.0,4601.80228,4683.23543,5285.98392,4711.26081,4539.4447,4876.67504,5050.94292,-23.414,-72.147,-83.854,24.95487,24.91095,21.5336,-225.0248,-193.6788,3885170.63781,41.667,44.444,-4.76716,-4.08027,28.038,34.185,18.09,4487.0915,4707.66635,4928.2412,-0.22275,-0.18856,64.20754,96.84,95.888,4634.53736,4452.79079,5264.00124,4575.25342
000905.SH,20240826,4542.8564,4558.5917,4523.7274,4544.3594,4537.0872,7.2722,0.1603,87118296.0,84365247.77,-9594.1639,-6784.89362,77.45555,4613.40311,-0.803,-2.077,-3.181,4504.583,4693.435,4882.288,99.04617,83.3397,-120.25521,75.30811,-194.189,-179.21698,58.02481,33.12597,28.08616,6.1165,0.0,2.0,-229.95704,-214.05827,4611.47535,4672.59581,5285.27744,4725.84549,4568.42442,4862.88698,4960.20101,-0.25201,-0.13346,4625.47427,4822.17539,8.17799,11.39693,10.32395,4560.73781,4678.43431,4796.13081,0.0,2.0,4625.45725,4693.43525,5291.33564,4724.69671,4560.78948,4889.65476,5060.32582,-20.251,-69.221,-79.346,24.98666,24.91836,29.13536,-211.4555,-184.50962,3893423.55831,41.667,45.833,-4.44625,-3.86962,31.552,35.965,24.245,4513.2038,4720.7225,4928.2412,-0.20798,-0.19109,63.77376,86.64,85.621,4658.53922,4475.85141,5282.22325,4591.09123
000905.SH,20240823,4523.9907,4549.3026,4513.2038,4537.0872,4533.3695,3.7177,0.082,75778364.0,71369991.7,-9469.96537,-6213.82786,77.67072,4628.67884,-1.414,-2.604,-3.488,4525.599,4701.659,4877.72,103.12903,81.8489,-166.01973,74.88968,-190.46445,-177.90618,48.78116,29.74545,26.66598,4.79089,0.0,1.0,-245.71617,-200.22854,4626.39,4686.09438,5291.22859,4738.36177,4580.45694,4873.68453,4969.54576,-0.3,-0.09255,4640.22243,4833.51482,2.55138,11.93342,8.80607,4573.82071,4692.77201,4811.72331,0.0,1.0,4642.43717,4701.6595,5296.67731,4736.01463,4588.51016,4902.39111,5067.51687,-21.492,-66.689,-77.435,24.85887,24.939,21.89046,-214.8536,-185.27282,3884711.72871,41.667,45.833,-4.52139,-3.86543,30.366,35.488,20.923,4513.2038,4720.7225,4928.2412,-0.19464,-0.19415,54.61235,89.759,88.977,4688.68122,4504.81137,5296.14594,4603.19227
000905.SH,20240822,4589.4956,4595.0496,4526.2499,4533.3695,4587.1218,-53.7523,-1.1718,85856868.0,78202476.72,-8925.76559,-5632.94633,79.81603,4647.7766,-2.067,-3.056,-3.848,4552.173,4711.624,4871.075,104.49212,79.43514,-203.39594,86.5992,-185.66224,-178.20974,38.65316,25.43966,31.04715,4.24874,3.0,0.0,-259.38654,-179.75334,4646.23507,4701.77935,5297.28595,4752.24277,4602.1418,4885.09461,4979.26393,-0.40297,-0.05934,4658.97429,4845.61391,-2.72888,13.49709,8.08844,4580.87998,4709.56928,4838.25858,130.0,0.0,4660.75949,4711.62399,5302.19618,4748.75719,4615.1685,4915.25065,5076.43504,-18.252,-64.003,-73.129,24.84209,25.00702,21.19567,-217.4065,-149.61505,3877133.89231,41.667,47.222,-4.57623,-3.11508,29.797,35.252,19.417,4526.2499,4727.24555,4928.2412,-0.18003,-0.19758,55.91685,97.447,96.766,4717.96587,4532.94761,5312.45329,4617.36594
000905.SH,20240821,4589.0885,4610.8666,4582.2653,4587.1218,4602.0095,-14.8877,-0.3235,83526910.0,74809964.82,-8189.10484,-5267.99369,80.13698,4671.99398,-1.38,-2.285,-2.998,4579.226,4718.228,4857.23,107.11365,80.03553,-189.70578,90.1159,-176.64211,-180.00956,26.23108,21.27835,29.95028,4.15679,2.0,0.0,-214.83009,-162.06278,4671.31631,4719.5067,5303.42183,4767.33748,4636.52796,4897.01749,4989.28403,-0.43226,-0.03063,4681.81153,4858.35858,-0.85563,16.20142,10.51574,4593.29815,4726.20223,4859.10631,129.0,0.0,4683.00403,4718.22796,5307.7161,4762.3026,4648.1696,4928.4996,5084.70003,-8.938,-61.721,-66.19,24.88809,25.09779,20.90975,-106.726,-120.3425,3885719.57911,50.0,47.222,-2.27374,-2.50022,33.421,37.137,25.197,4582.2653,4755.25325,4928.2412,-0.16684,-0.20136,55.53331,97.821,97.041,4748.71458,4562.49047,5329.16984,4631.89528
000905.SH,20240820,4684.2948,4686.3633,4590.3913,4602.0095,4682.9628,-80.9533,-1.7287,91846146.0,81351685.19,-7370.04246,-5127.08627,82.55366,4688.19702,-1.571,-2.153,-2.932,4594.519,4722.275,4850.031,105.78959,80.38932,-161.342,83.93405,-173.07684,-184.76003,13.79645,17.14205,27.48338,7.52061,1.0,0.0,-204.55347,-141.20885,4690.0262,4733.44195,5309.17524,4779.76615,4661.23104,4907.52243,4998.32139,-0.26204,-0.00201,4699.02784,4869.42947,5.96315,19.04426,14.68389,4600.29926,4740.17952,4880.05978,128.0,0.0,4699.48593,4722.27497,5313.49446,4770.87062,4664.15986,4940.64972,5092.64101,-2.481,-60.604,-61.844,24.93513,25.20985,29.0156,-186.6064,-103.3118,3894072.27011,50.0,45.833,-3.89688,-2.13725,34.486,37.671,27.056,4590.3913,4759.31625,4928.2412,-0.15884,-0.20525,64.28105,94.589,92.553,4767.28269,4580.33043,5340.75589,4641.9654
000905.SH,20240819,4666.3308,4729.8742,4666.2577,4682.9628,4670.3789,12.5839,0.2694,87136867.0,80742361.43,-6491.75059,-5100.97577,84.91398,4706.29786,-0.238,-0.76,-1.445,4613.063,4728.314,4843.566,112.16704,83.10706,-85.12302,80.63088,-170.50941,-191.83419,5.72202,13.89299,18.92477,21.25308,0.0,1.0,-129.90632,-127.09877,4709.58546,4747.27695,5314.85529,4792.02523,4690.8418,4917.8788,5007.22727,0.14571,0.0133,4716.66754,4880.34457,15.51187,21.22445,19.32025,4615.26973,4752.17161,4889.07349,0.0,1.0,4714.36258,4728.31447,5319.17342,4780.0336,4690.12502,4953.47238,5100.12393,6.761,-60.294,-56.914,24.9993,25.34611,38.25532,-170.0097,-64.09243,3903256.88471,50.0,44.444,-3.50321,-1.31376,40.999,40.726,40.644,4635.244,4781.7426,4928.2412,-0.15442,-0.20923,64.49303,77.643,64.338,4787.44402,4599.70112,5349.96065,4649.9658
000905.SH,20240816,4703.6042,4708.0187,4662.1132,4670.3789,4698.375,-27.9961,-0.5959,87379580.0,81927269.81,-6245.73887,-5033.98859,84.04575,4712.35942,-0.638,-1.323,-1.895,4609.688,4737.465,4865.242,104.23979,75.75064,-104.51601,75.42987,-179.94125,-200.68605,8.22713,14.76049,23.25057,19.50049,1.0,0.0,-146.97865,-126.85722,4715.50161,4754.04686,5319.93073,4799.54678,4694.7813,4925.84205,5014.51411,0.06084,-0.02635,4722.79568,4888.40097,9.053,22.17654,17.80203,4603.6732,4758.39688,4913.12056,1.0,0.0,4715.45108,4737.46522,5324.70598,4783.38873,4696.36418,4963.98058,5107.45655,6.208,-61.139,-58.035,25.1105,25.47084,32.18208,-216.0347,-27.04943,3894543.19801,41.667,43.056,-4.42113,-0.54335,39.367,40.001,36.514,4635.244,4781.7426,4928.2412,-0.15538,-0.21363,55.24569,88.637,85.643,4792.51867,4604.57677,5352.69413,4652.34162
000905.SH,20240815,4656.695,4746.4095,4647.7947,4698.375,4667.0731,31.3019,0.6707,90973293.0,83712897.62,-4777.9294,-4865.79771,84.62293,4728.06228,-0.344,-1.108,-1.491,4611.01,4747.549,4884.088,108.90242,86.1503,-85.64497,81.77919,-179.28597,-208.11264,10.70973,16.02404,23.37957,19.60868,0.0,1.0,-122.86499,-119.5729,4725.52888,4762.85401,5325.14801,4808.45491,4706.98251,4934.50182,5022.24749,0.08847,-0.05246,4732.326,4897.29983,9.84604,24.3638,19.52455,4602.7694,4766.63126,4930.49312,0.0,1.0,4727.27478,4747.54893,5330.38738,4789.91825,4706.35048,4975.51268,5114.43668,9.149,-61.915,-57.341,25.26701,25.57097,38.11492,-0.907,14.45893,3903281.15601,50.0,43.056,-0.0193,0.31002,41.72,41.072,41.922,4635.244,4781.7426,4928.2412,-0.15588,-0.21872,65.9168,77.71,67.846,4805.53085,4617.07866,5357.23307,4656.28669
000905.SH,20240814,4729.8146,4730.2369,4667.0731,4667.0731,4731.8353,-64.7622,-1.3686,74588030.0,68308163.89,-4399.9602,-4758.11973,84.00535,4733.86984,-1.195,-1.768,-2.336,4610.826,4756.515,4902.203,101.7691,78.77977,-107.27356,73.87523,-175.41753,-215.91776,12.22615,19.98528,22.14978,22.77539,1.0,0.0,-153.24318,-119.14156,4731.56307,4769.64128,5330.18234,4816.04662,4711.28626,4942.50612,5029.52552,0.15316,-0.06773,4738.49891,4905.41921,-3.88073,26.78343,16.56204,4611.04904,4773.90546,4936.76188,13.0,0.0,4742.73453,4756.51476,5336.10811,4794.45569,4717.83846,4988.34988,5121.95024,9.175,-63.059,-58.471,25.38669,25.6495,37.93176,-41.7712,-4.39607,3894183.82671,41.667,40.278,-0.88708,-0.07736,37.917,39.332,32.624,4635.244,4781.7426,4928.2412,-0.15805,-0.22455,56.27431,100.0,100.0,4816.45099,4627.57056,5360.73178,4659.32762
000905.SH,20240813,4713.9598,4731.8353,4680.5879,4731.8353,4714.1586,17.6767,0.375,81365173.0,71101413.45,-2384.51497,-4654.21321,83.10509,4745.03296,-0.119,-0.478,-1.215,4620.152,4765.99,4911.828,117.31931,90.16375,-56.54284,74.996,-166.98101,-225.0938,16.32563,24.03141,23.04188,22.5778,0.0,1.0,-89.70652,-116.77774,4745.89418,4780.43793,5335.50851,4826.32066,4733.39284,4951.84283,5037.67052,0.11616,-0.0834,4751.48542,4915.14762,10.74095,31.89412,24.84306,4592.85603,4782.93469,4973.01335,0.0,2.0,4764.66858,4765.99008,5341.83456,4802.58407,4734.812,5001.88055,5129.88531,16.658,-64.205,-55.876,25.5605,25.70481,37.56531,-4.5418,-17.64707,3901642.62971,41.667,37.5,-0.09589,-0.34438,43.272,41.778,45.062,4635.244,4781.7426,4928.2412,-0.16018,-0.23104,66.11241,79.307,58.841,4830.51595,4641.08396,5366.50327,4664.34397
000905.SH,20240812,4716.9605,4737.1908,4696.0525,4714.1586,4720.3104,-6.1518,-0.1303,89100832.0,76375856.58,-3883.50629,-5285.37672,83.41275,4747.62466,-0.359,-0.858,-1.68,4618.552,4774.316,4930.081,109.04686,83.70214,-49.67994,75.67159,-181.08101,-236.59684,20.48765,27.26513,26.25798,22.10665,2.0,0.0,-119.89298,-136.37335,4749.01838,4785.55399,5340.3573,4832.83689,4734.17161,4959.30072,5044.54322,-0.0011,-0.10984,4755.05817,4922.62976,9.91468,35.41965,26.91799,4597.98605,4790.11173,4982.23741,4.0,0.0,4761.41325,4774.31644,5347.21708,4809.8388,4738.60014,5015.07498,5137.32297,15.884,-66.288,-58.346,25.75266,25.73593,36.76336,48.7098,-47.53073,3893506.11241,41.667,33.333,1.04405,-0.95658,41.194,40.815,39.846,4635.244,4781.7426,4928.2412,-0.1668,-0.23816,57.56099,77.096,86.681,4835.59367,4645.96254,5369.52329,4666.96884
000905.SH,20240809,4778.2568,4805.0992,4720.3104,4720.3104,4755.8149,-35.5045,-0.7465,108819586.0,88057504.68,-3661.15012,-5889.91819,83.88688,4754.98251,-0.49,-0.644,-1.691,4622.64,4782.803,4942.966,110.41189,84.80541,-1.91999,75.70472,-193.50007,-246.34751,22.06396,31.02333,31.15381,20.41439,1.0,0.0,-128.457,-136.20097,4756.76499,4793.0693,5345.387,4841.0216,4744.17811,4967.61062,5051.96759,-0.14463,-0.1509,4762.49446,4931.13878,24.9285,39.67048,34.75648,4606.20237,4797.93395,4989.66553,3.0,0.0,4760.88182,4782.80337,5352.75596,4819.47221,4734.53798,5028.03724,5143.67856,18.848,-68.273,-58.849,25.74765,25.73772,36.39714,52.2483,-66.97628,3902416.19561,41.667,30.556,1.11927,-1.36382,41.681,41.041,40.974,4635.244,4781.7426,4928.2412,-0.17306,-0.24577,66.17685,74.881,85.354,4838.98484,4649.22073,5373.58935,4670.50289
000905.SH,20240808,4737.0927,4791.6592,4701.7856,4755.8149,4751.9408,3.8741,0.0815,104309253.0,95364149.2,-5276.23913,-6579.89075,81.34419,4764.44856,-0.207,0.196,-1.006,4624.814,4792.756,4960.698,106.16561,79.50155,-10.8718,73.39871,-203.6604,-254.67184,21.29385,33.8169,32.3762,19.98387,0.0,3.0,-103.27273,-125.79412,4764.86601,4800.72813,5350.4077,4849.34651,4756.11197,4975.99368,5059.42057,-0.17461,-0.16381,4770.16429,4939.74402,34.47059,42.12748,39.57518,4612.55501,4803.12981,4993.70461,0.0,3.0,4762.48849,4792.75604,5358.22769,4826.88792,4748.19908,5039.77649,5149.27295,22.735,-70.629,-59.262,25.71129,25.72998,36.75039,33.0155,-83.24935,3913298.15421,41.667,27.778,0.69907,-1.70481,44.462,42.34,47.433,4635.244,4786.29555,4937.3471,-0.18122,-0.2538,66.94107,62.095,73.553,4852.70526,4662.40309,5376.40125,4672.94688
000905.SH,20240807,4747.9803,4783.4202,4719.938,4751.9408,4750.776,1.1648,0.0245,96989481.0,96834771.2,-6780.03068,-7457.78936,81.72747,4766.33739,-0.741,0.172,-1.181,4623.307,4801.952,4980.596,100.95629,76.74122,-16.82944,82.33096,-224.14684,-261.52685,21.33835,36.50966,31.76967,22.1364,0.0,2.0,-120.27696,-115.81841,4766.87737,4805.45583,5355.18355,4855.79697,4756.2605,4983.45737,5066.24316,-0.12433,-0.17432,4772.77327,4947.25133,34.42338,43.40362,40.41021,4621.10457,4808.74839,4996.39221,0.0,2.0,4753.45188,4801.95189,5363.37741,4832.62913,4767.6306,5051.2905,5153.72705,21.858,-73.471,-62.542,25.73821,25.70543,43.71366,-114.037,-88.33252,3902867.22891,33.333,26.389,-2.34356,-1.81273,44.089,42.149,46.669,4635.244,4788.47275,4941.7015,-0.19191,-0.26207,57.05132,60.171,73.094,4876.35728,4685.12759,5378.91322,4675.13019
000905.SH,20240806,4740.4539,4774.9279,4699.1769,4750.776,4693.8478,56.9282,1.2128,107774770.0,105286322.24,-7108.93746,-8246.12824,81.31348,4770.72807,-0.583,-0.053,-1.276,4628.56,4806.563,4984.566,94.30612,71.84193,-33.15253,85.69927,-243.81846,-265.1528,27.74441,38.86176,35.88981,21.08293,0.0,1.0,-139.06025,-136.79927,4770.19661,4811.089,5360.02887,4862.95946,4758.42036,4991.30538,5073.30614,-0.21113,-0.20147,4776.56099,4955.22319,37.28033,44.90033,42.36033,4624.41214,4814.7465,5005.08086,0.0,1.0,4745.06401,4806.56297,5368.21438,4841.57883,4794.52516,5063.77045,5159.64348,21.559,-76.203,-65.424,25.71853,25.6536,36.83565,-121.2772,-106.00667,3893168.28081,25.0,25.0,-2.48924,-2.16777,43.985,42.093,46.474,4635.244,4788.47275,4941.7015,-0.20234,-0.2702,48.23697,60.569,63.91,4893.72546,4701.81465,5382.01912,4677.8297
000905.SH,20240805,4756.0755,4846.542,4693.8165,4693.8478,4788.6159,-94.7681,-1.979,113338148.0,123487463.65,-5821.87882,-8749.20989,84.41776,4781.60044,-1.631,-1.46,-2.594,4634.283,4812.869,4991.455,100.40033,70.58334,-36.80585,90.65165,-259.02799,-266.71594,31.7372,40.49288,36.87491,21.66161,3.0,0.0,-207.28019,-155.82693,4774.5123,4817.43773,5364.92247,4870.69625,4762.24253,4999.45892,5080.55401,-0.17412,-0.22241,4781.24917,4963.56798,39.13418,46.17033,43.82495,4619.68928,4822.4433,5025.19732,6.0,0.0,4742.26635,4812.86912,5373.21744,4848.17411,4784.22636,5076.34518,5165.68759,21.731,-78.898,-68.033,25.74727,25.59186,37.05002,-183.8438,-124.27505,3882390.80381,16.667,25.0,-3.76907,-2.53191,38.908,39.374,37.105,4635.244,4788.47275,4941.7015,-0.21288,-0.27768,47.6298,79.999,84.411,4882.78637,4691.30455,5385.96364,4681.25812
000905.SH,20240802,4816.9369,4874.7114,4783.115,4788.6159,4852.9725,-64.3566,-1.3261,98529844.0,105654740.58,-4563.83002,-9012.90576,81.66654,4804.37183,0.206,0.207,-0.847,4646.623,4817.358,4988.092,106.49774,76.83252,20.81016,92.99611,-254.20712,-266.78205,34.04261,42.33116,33.77267,23.44913,2.0,0.0,-118.85869,-161.5894,4792.43774,4830.4472,5370.31262,4882.8927,4796.4399,5009.81862,5089.24403,-0.04902,-0.24433,4797.14033,4974.57696,72.52399,47.34302,55.73668,4649.16376,4830.62308,5012.0824,2.0,0.0,4759.47935,4817.35755,5378.50857,4858.14284,4787.22566,5090.37097,5173.36223,34.077,-81.615,-64.576,25.76335,25.4994,44.13466,-67.9635,-111.59863,3893724.61861,25.0,27.778,-1.39941,-2.27458,45.153,42.563,49.004,4635.244,4788.47275,4941.7015,-0.22383,-0.28432,57.58737,47.654,50.282,4879.45928,4688.10793,5392.17553,4686.65724
000905.SH,20240801,4893.8709,4928.2412,4834.6536,4852.9725,4886.4136,-33.4411,-0.6844,113213393.0,119765528.79,-3701.1496,-9415.69029,81.27689,4794.18189,1.991,1.434,0.3,4649.767,4821.24,4992.713,96.91125,73.45721,64.49445,96.01064,-257.33718,-269.49269,39.9827,44.18195,33.71465,24.3115,1.0,0.0,-66.01589,-196.35791,4793.28704,4834.85049,5374.98489,4889.39454,4800.3519,5017.31702,5095.99972,0.01213,-0.26465,4798.69022,4982.16721,86.00388,43.1462,57.43209,4657.58716,4832.217,5006.84684,1.0,0.0,4767.82308,4821.23999,5383.02096,4868.59995,4776.7779,5103.17356,5180.88682,34.0,-85.874,-68.874,25.70124,25.36593,44.47356,-45.3901,-135.51308,3903577.60301,25.0,27.778,-0.92664,-2.76397,50.166,44.93,59.868,4635.244,4788.47275,4941.7015,-0.24252,-0.28979,57.94709,25.689,25.689,4861.74167,4671.08514,5392.65507,4687.07403
000905.SH,20240731,4694.7288,4887.9192,4687.0458,4886.4136,4699.282,187.1316,3.9821,143180919.0,146601666.18,-3360.89502,-9979.23689,82.01069,4775.1813,3.364,2.052,0.913,4649.338,4820.316,4991.294,104.88819,77.4537,15.9678,76.15403,-267.17796,-273.31765,46.33995,46.18575,35.6218,21.86307,0.0,1.0,-43.41847,-241.62182,4780.02361,4832.94291,5379.17776,4891.90641,4774.0416,5022.88802,5101.46101,-0.12174,-0.29146,4788.82072,4987.44046,74.97174,36.00325,48.99274,4654.869,4828.03398,5001.19896,0.0,10.0,4770.29499,4820.31628,5387.31158,4876.65304,4739.27316,5113.26995,5188.00283,20.426,-90.124,-79.911,25.564,25.22043,43.84441,2.5165,-147.20713,3914898.94231,33.333,29.167,0.05153,-3.01213,52.967,46.21,66.225,4635.244,4788.47275,4941.7015,-0.26172,-0.29382,68.643,5.267,0.596,4821.33766,4632.2656,5394.58016,4688.74724
000905.SH,20240730,4694.5247,4712.0417,4650.5592,4699.282,4708.8443,-9.5623,-0.2031,83353382.0,86181033.61,-8696.15008,-10561.46297,74.22327,4756.11496,-0.018,-1.852,-2.986,4648.349,4821.542,4994.734,82.23411,59.86666,-94.42818,51.57385,-282.01137,-277.75259,51.68097,46.64981,39.49159,11.03927,2.0,0.0,-246.16212,-284.76901,4756.38139,4827.31442,5383.1357,4892.28522,4717.85561,5027.51427,5106.29353,-0.3707,-0.30526,4771.07655,4991.56401,19.35111,29.5085,26.1227,4686.48961,4828.83129,4971.17297,2.0,0.0,4767.31157,4821.54182,5391.46786,4886.0666,4695.60286,5123.9478,5194.57851,-7.127,-92.678,-96.241,25.42723,25.08731,42.7544,-220.0819,-171.53743,3900580.85041,25.0,29.167,-4.47379,-3.51208,34.09,36.51,33.093,4635.244,4792.8794,4950.5148,-0.2734,-0.29631,55.58465,75.847,71.879,4790.17264,4602.32273,5395.15531,4689.24714
000905.SH,20240729,4740.499,4742.1481,4702.9803,4708.8443,4736.3771,-27.5328,-0.5813,81102039.0,90979232.03,-9928.92096,-10572.63872,74.60134,4767.95367,-0.403,-2.027,-3.057,4661.849,4834.052,5006.254,78.08434,57.03466,-88.92378,54.54177,-278.58769,-281.50175,49.97911,44.9317,34.2064,11.41851,1.0,0.0,-253.22626,-273.10062,4769.07014,4840.79152,5388.6285,4905.59579,4727.14241,5038.64079,5115.43986,-0.26076,-0.28428,4784.13011,5003.49389,18.91985,31.2014,27.10755,4702.20462,4843.72992,4985.25522,1.0,0.0,4787.21963,4834.05158,5396.64438,4903.78691,4700.30634,5137.76983,5203.79146,-9.687,-91.787,-96.63,25.34807,24.97138,49.69275,-230.8875,-129.61052,3908916.18861,25.0,31.944,-4.67409,-2.65792,34.744,36.835,34.535,4635.244,4818.9932,5002.7424,-0.26907,-0.2978,54.99802,72.999,70.574,4803.95303,4615.56272,5405.4231,4698.17148
000905.SH,20240726,4670.4463,4744.4537,4670.4463,4736.3771,4665.4488,70.9283,1.5203,86472049.0,94118612.2,-10560.87571,-10572.42973,77.06909,4779.84463,-0.394,-1.847,-2.69,4671.647,4848.767,5025.888,84.52107,59.60718,-111.24342,57.92974,-276.74342,-286.34261,49.24856,44.76399,30.81492,13.26247,0.0,1.0,-241.855,-262.787,4782.45366,4854.6807,5394.08862,4919.16486,4736.29146,5049.82033,5124.57684,-0.26922,-0.27678,4797.81844,5015.5204,13.84795,33.24833,26.78153,4713.14968,4856.9656,5000.78152,0.0,3.0,4804.72491,4848.7674,5401.8162,4920.39637,4731.73304,5149.97478,5212.07259,-12.239,-90.576,-96.695,25.19253,24.90408,50.88167,-107.7853,-97.60782,3917026.39251,33.333,34.722,-2.22506,-2.01083,36.594,37.764,38.57,4635.244,4826.42695,5017.6099,-0.26318,-0.29906,63.48228,62.899,61.856,4834.22739,4644.64984,5414.63248,4706.17589
000905.SH,20240725,4644.4217,4710.4627,4635.244,4665.4488,4668.0621,-2.6133,-0.056,88600074.0,95885153.87,-14055.22523,-10586.72554,77.56197,4789.42685,-2.369,-3.497,-4.357,4685.344,4859.088,5032.832,74.89874,51.78568,-188.47674,53.71546,-272.2105,-291.28976,50.61972,47.14599,32.66993,9.8464,5.0,0.0,-327.46974,-256.44998,4792.69289,4867.13371,5399.37144,4931.77091,4736.24865,5060.44553,5133.30043,-0.36867,-0.2653,4808.98959,5026.914,-8.09815,36.48172,21.62177,4736.88714,4871.6891,5006.49106,110.0,0.0,4823.02359,4859.08763,5406.92145,4936.28689,4758.86826,5162.34334,5219.36759,-18.258,-89.046,-98.175,24.96249,24.89283,44.53767,-211.4502,-91.60785,3908379.18761,25.0,36.111,-4.33575,-1.88171,27.471,33.634,18.007,4635.244,4826.42695,5017.6099,-0.2557,-0.30006,54.33871,90.002,88.608,4864.81518,4674.03811,5423.94679,4714.27151
000905.SH,20240724,4712.287,4738.762,4661.8271,4668.0621,4722.7994,-54.7373,-1.159,112674635.0,103026731.86,-14663.4195,-10269.97314,78.56462,4821.78912,-2.962,-3.794,-4.659,4720.727,4872.218,5023.708,65.91884,48.11131,-251.71635,52.57524,-260.40634,-297.57427,48.3812,48.8672,33.02535,9.76786,4.0,0.0,-337.59935,-243.05789,4820.96936,4888.3637,5405.2664,4950.13795,4771.64857,5073.83524,5143.81395,-0.39959,-0.25684,4835.08792,5041.66769,-7.14658,43.9117,26.89227,4753.61295,4892.87899,5032.14503,109.0,0.0,4850.45189,4872.21776,5412.38173,4953.92493,4801.31682,5174.12121,5227.69719,-9.3,-86.764,-91.414,24.82826,24.9434,44.61111,-115.5544,-80.79638,3917239.19501,33.333,37.5,-2.41563,-1.64739,27.605,33.713,18.194,4661.8271,4839.7185,5017.6099,-0.24455,-0.30049,54.36406,97.772,97.386,4903.16213,4710.88126,5441.51674,4729.54259
000905.SH,20240723,4862.9705,4862.9705,4722.7994,4722.7994,4865.9778,-143.1784,-2.9424,102403712.0,110578297.6,-12139.75396,-9956.97353,80.17305,4855.19623,-2.601,-2.858,-3.89,4756.55,4889.836,5023.123,69.4083,51.69856,-213.42182,63.08733,-259.44982,-306.02078,46.03155,51.60582,33.63292,9.49156,3.0,0.0,-302.3016,-224.60555,4854.94875,4911.55334,5411.18772,4969.59146,4823.4418,5087.59027,5154.505,-0.37143,-0.26083,4865.45625,5056.91689,12.77791,52.42142,39.20691,4779.36244,4914.282,5049.20156,108.0,0.0,4868.06192,4889.83625,5417.88572,4972.75464,4839.02028,5183.97576,5236.09337,7.761,-85.601,-81.721,24.76525,25.04643,45.19489,-143.4653,-68.9405,3928506.65851,33.333,38.889,-2.94816,-1.39456,30.461,35.381,22.222,4722.7994,4873.78365,5024.7679,-0.2385,-0.30045,64.74751,100.0,100.0,4940.41296,4746.67127,5459.44846,4745.1281
000905.SH,20240722,4872.6362,4885.3641,4839.1121,4865.9778,4872.0532,-6.0754,-0.1247,92710458.0,110307683.16,-8458.83756,-9995.56949,77.47894,4880.62812,-0.201,-0.159,-1.35,4789.923,4901.128,5012.333,81.95782,57.30174,-20.36818,65.76584,-259.68906,-313.63059,41.61866,53.51496,28.22346,10.4135,2.0,0.0,-176.15176,-217.152,4884.31527,4931.42218,5416.71694,4986.6116,4873.763,5099.95606,5164.20625,-0.23189,-0.27907,4891.39386,5070.55434,58.37378,59.02867,58.81037,4794.60276,4929.51978,5064.4368,2.0,0.0,4883.47188,4901.12799,5422.84569,4989.24367,4874.13292,5192.97976,5244.07394,25.676,-86.571,-73.733,24.73169,25.18495,45.70054,31.4796,-52.38867,3938747.02971,41.667,40.278,0.65115,-1.05253,40.511,40.39,42.945,4745.3165,4885.0422,5024.7679,-0.24245,-0.29979,64.50748,38.559,36.585,4967.11758,4772.32866,5470.71336,4754.91909
000905.SH,20240719,4853.0422,4900.3787,4842.9297,4872.0532,4877.6916,-5.6384,-0.1156,93290746.0,111989382.47,-8591.6753,-10499.09431,80.9444,4883.00016,-0.258,0.02,-1.53,4790.671,4907.475,5024.278,87.57193,59.6311,-13.38897,59.09102,-281.31355,-321.27141,39.88428,56.1197,27.23048,10.18358,1.0,0.0,-191.34453,-227.35713,4888.39027,4938.31106,5421.14055,4994.93118,4877.6556,5107.88753,5170.90802,-0.22914,-0.33287,4896.01496,5078.90441,72.97719,59.13781,63.75094,4791.264,4936.47084,5081.67768,1.0,0.0,4875.23575,4907.47459,5427.49871,5000.67707,4877.71678,5198.68465,5249.44746,25.474,-89.781,-77.044,24.94422,25.35446,45.51397,-38.8713,-74.47992,3948018.07551,41.667,40.278,-0.79153,-1.49657,41.037,40.624,44.409,4745.3165,4912.13575,5078.955,-0.25721,-0.29783,78.26274,35.465,45.369,4971.38228,4776.42611,5472.72352,4756.66623
000905.SH,20240718,4822.1303,4879.6927,4793.4294,4877.6916,4856.5794,21.1122,0.4347,96654750.0,115283847.82,-9336.61561,-10878.47257,80.89611,4891.70082,-0.373,0.069,-1.693,4775.966,4918.988,5062.011,79.95073,57.16465,-60.92625,52.19367,-295.58676,-325.50616,40.27942,58.49003,26.43473,9.2761,0.0,1.0,-203.8329,-234.68447,4892.02073,4945.28557,5425.55089,5003.40552,4880.4568,5115.88191,5177.62385,-0.24598,-0.39219,4900.37164,5087.34731,76.4145,56.83125,63.359,4792.80193,4943.27965,5093.75737,0.0,1.0,4874.6569,4918.98839,5431.94762,5012.56863,4887.17892,5205.27678,5253.95019,24.395,-92.965,-80.768,25.12504,25.51017,45.76827,-71.7855,-69.48512,3957347.15011,41.667,41.667,-1.45037,-1.39464,41.496,40.834,45.612,4745.3165,4936.72715,5128.1378,-0.27248,-0.2943,76.90138,32.594,43.171,4981.29958,4785.95449,5474.62179,4758.31614
000905.SH,20240717,4893.4137,4900.3599,4853.603,4856.5794,4898.3626,-41.7832,-0.853,96909547.0,117932902.59,-9183.15577,-11180.76615,81.20596,4895.02735,-0.691,-0.486,-2.394,4769.179,4929.832,5090.486,79.89114,60.03771,-36.59567,50.22037,-311.52738,-326.75557,43.67226,60.62054,21.72085,9.25348,1.0,0.0,-247.11722,-259.1941,4895.20498,4952.40073,5429.95137,5012.07544,4881.83941,5123.95616,5184.3639,-0.18187,-0.44326,4904.49528,5095.90469,76.87189,53.56737,61.33555,4798.19224,4953.07,5107.94776,4.0,0.0,4870.33756,4929.83207,5436.28328,5025.91026,4899.58696,5212.56303,5259.19919,22.189,-96.014,-84.92,25.26591,25.64755,53.36823,-146.5814,-82.31208,3947681.67511,33.333,41.667,-2.92978,-1.64944,39.161,39.714,40.591,4745.3165,4965.03175,5184.747,-0.2878,-0.28953,77.34847,43.345,80.66,4994.755,4798.88225,5477.87583,4761.14441
000905.SH,20240716,4877.601,4907.8321,4850.4315,4898.3626,4883.8971,14.4655,0.2962,87267978.0,113648284.4,-8807.90759,-11338.735,82.24218,4908.06283,0.095,0.119,-1.832,4757.869,4945.444,5133.019,85.55841,61.59924,-20.43481,48.587,-319.50298,-324.77099,49.35321,62.93088,20.7753,8.85065,0.0,1.0,-226.88527,-273.49772,4903.78844,4962.48718,5434.55677,5022.79931,4894.46941,5133.01978,5191.72985,-0.19322,-0.49223,4913.20726,5105.67307,91.66013,49.68329,63.67557,4807.24379,4961.79519,5116.34659,0.0,1.0,4875.77207,4945.44412,5440.81117,5042.08927,4897.10356,5220.78397,5264.70194,23.906,-98.788,-86.835,25.44645,25.77865,53.64217,-44.4191,-95.45355,3957372.62981,41.667,43.056,-0.89867,-1.8975,42.218,41.193,47.882,4745.3165,4990.80915,5236.3018,-0.30257,-0.28358,91.664,25.416,22.068,4992.14102,4796.37079,5481.52068,4764.31236
000905.SH,20240715,4903.5161,4903.5161,4868.743,4883.8971,4919.3639,-35.4668,-0.721,86824312.0,102734711.42,-9926.83109,-11340.96443,81.30295,4911.81119,0.19,-0.252,-2.395,4738.617,4962.071,5185.524,79.89205,60.93102,-28.68935,51.68945,-326.99635,-320.28771,57.18009,65.81865,18.28396,9.95311,2.0,0.0,-257.58035,-310.2432,4904.99418,4969.23714,5438.86355,5031.38115,4892.52281,5140.97426,5198.32237,-0.16596,-0.52991,4915.90629,5114.13472,84.26827,42.68715,56.54752,4812.94177,4969.82183,5126.70189,2.0,0.0,4880.88352,4962.07056,5445.30101,5054.61281,4892.81084,5228.14038,5270.15146,19.012,-101.776,-92.27,25.5964,25.87365,53.91949,-44.1543,-139.87517,3948645.83201,41.667,43.056,-0.89598,-2.76498,40.75,40.457,45.033,4745.3165,4994.4516,5243.5867,-0.31906,-0.27673,78.47328,46.167,29.434,4983.60403,4788.16857,5484.30722,4766.73432
000905.SH,20240712,4926.9812,4937.3471,4905.7967,4919.3639,4939.7318,-20.3679,-0.4123,97175106.0,115594261.3,-10703.8338,-11342.62449,80.72144,4912.72555,0.979,0.397,-1.958,4733.947,4978.232,5222.517,78.05842,62.50055,12.08534,55.216,-326.21486,-313.02149,65.41126,69.7514,20.32603,9.63361,1.0,0.0,-237.38253,-330.76935,4909.68242,4978.2203,5443.32111,5041.55246,4896.83567,5149.68874,5205.38811,-0.29251,-0.56783,4921.72614,5123.53217,81.64748,35.75696,51.0538,4814.24944,4978.70988,5143.17032,1.0,0.0,4892.80989,4978.2321,5449.98645,5068.76758,4872.75472,5233.26799,5275.65314,15.52,-104.153,-96.393,25.74877,25.93265,53.67368,-101.0679,-182.94207,3957328.26321,41.667,43.056,-2.01313,-3.59123,43.218,41.682,50.694,4745.3165,4994.4516,5243.5867,-0.33354,-0.26892,76.03351,36.081,11.374,4965.90747,4771.16601,5488.38545,4770.27894
000905.SH,20240711,4902.8106,4941.7015,4871.172,4939.7318,4844.1624,95.5694,1.9729,115275494.0,133127527.34,-10887.70124,-11619.32589,82.64939,4911.42792,1.692,0.64,-1.788,4729.953,4992.919,5255.885,76.72208,61.46009,-1.56508,54.89208,-335.05562,-304.17053,72.35512,73.41915,25.63481,9.02236,0.0,1.0,-235.30854,-362.12268,4907.53099,4984.41571,5447.5296,5049.97926,4885.57156,5157.49636,5211.81562,-0.4355,-0.58822,4922.15564,5131.86557,72.10901,28.10854,42.77536,4809.35597,4984.80187,5160.24777,0.0,6.0,4895.15167,4992.91854,5454.47824,5081.74412,4862.13488,5240.27396,5280.40235,4.459,-106.093,-103.864,25.87844,25.95042,46.27423,-8.9025,-232.16293,3967045.77381,50.0,41.667,-0.1799,-4.5187,44.641,42.389,53.938,4745.3165,4994.4516,5243.5867,-0.34678,-0.26007,75.59834,28.601,1.003,4951.76617,4757.57927,5491.02293,4772.57133
000905.SH,20240710,4857.483,4891.3725,4836.17,4844.1624,4876.899,-32.7366,-0.6713,100953186.0,117244916.01,-11533.42342,-11875.47848,80.32509,4900.58921,-0.177,-1.322,-3.919,4729.853,5005.661,5281.47,82.35738,58.73479,-75.7612,45.48811,-344.87144,-292.52627,76.70063,76.60943,28.13653,5.27862,1.0,0.0,-350.89069,-384.20098,4900.37525,4989.11928,5451.6083,5057.58254,4858.49144,5164.87821,5217.92986,-0.53557,-0.59854,4918.95998,5139.70777,43.84008,20.77513,28.46345,4816.89017,4991.88259,5166.87501,1.0,0.0,4893.98363,5005.66145,5458.71423,5094.6966,4841.08816,5245.89875,5283.11697,-14.624,-106.65,-113.962,25.94931,25.93041,38.5472,-148.7473,-280.04643,3955518.22441,41.667,40.278,-2.97917,-5.43679,35.508,37.637,38.563,4745.3165,4994.4516,5243.5867,-0.35444,-0.2501,75.12065,63.699,51.829,4938.48612,4744.82,5493.9381,4775.10508
000905.SH,20240709,4775.3131,4888.4822,4745.3165,4876.899,4783.6165,93.2825,1.95,111401968.0,126704548.34,-12525.71351,-12052.60909,79.58593,4914.77797,0.136,-0.906,-3.615,4742.834,5025.101,5307.368,77.4325,56.69908,-110.7652,44.45727,-335.54796,-277.93338,77.56883,76.67254,33.28602,4.89995,0.0,1.0,-332.93893,-383.17425,4912.86699,5004.3779,5456.48738,5072.30117,4865.65596,5175.74993,5226.32913,-0.71607,-0.60514,4932.55954,5151.77084,39.77169,16.93097,24.54455,4820.2834,5006.05602,5191.82864,0.0,3.0,4911.61057,5025.101,5463.0999,5110.42881,4854.44058,5253.5262,5288.26855,-21.283,-104.822,-115.464,26.05255,25.8929,31.0083,-225.4302,-299.19115,3965613.54301,41.667,40.278,-4.41818,-5.78306,37.448,38.684,42.624,4745.3165,4995.6537,5245.9909,-0.35184,-0.23914,73.84474,52.914,48.885,4951.84232,4757.65242,5503.64751,4783.5441
000905.SH,20240708,4857.0245,4857.2655,4768.5636,4783.6165,4866.2647,-82.6482,-1.6984,90254500.0,96789200.23,-13494.0858,-12145.72489,76.10342,4925.45908,-2.202,-3.171,-5.819,4756.607,5042.13,5327.652,73.41012,54.02453,-147.4243,38.62994,-336.09723,-262.71037,76.50854,76.18857,38.36834,2.62086,1.0,0.0,-447.35818,-378.63062,4920.85988,5017.79673,5461.14271,5085.77718,4860.03443,5185.88047,5234.18149,-0.763,-0.59938,4942.67964,5162.9901,11.7164,13.12418,12.65492,4848.86328,5023.862,5198.86072,97.0,0.0,4918.7841,5042.12956,5467.36154,5126.91115,4868.9562,5260.1691,5291.80816,-33.743,-102.162,-119.033,26.01641,25.81849,23.01394,-310.9488,-293.52432,3954473.34621,41.667,41.667,-6.10354,-5.66089,27.036,33.641,23.49,4768.5636,5007.27725,5245.9909,-0.34584,-0.22768,62.33303,94.125,93.956,4974.70137,4779.61505,5514.1393,4792.66313
000905.SH,20240705,4828.8628,4877.9326,4794.1292,4866.2647,4834.4982,31.7665,0.6571,83133279.0,93724633.83,-12385.45783,-11894.04714,75.55674,4954.4951,-1.049,-2.012,-4.576,4795.227,5063.398,5331.569,81.2873,58.62913,-118.9403,38.47271,-323.661,-245.39776,74.4572,74.26264,38.11609,4.49784,0.0,1.0,-380.73723,-367.45335,4951.35841,5042.44728,5466.58469,5106.61584,4898.2434,5199.51654,5244.30655,-0.70567,-0.58839,4971.60021,5178.47474,21.41649,13.35881,16.04471,4868.52424,5047.095,5225.66576,0.0,1.0,4939.71342,5063.39773,5472.01909,5144.57242,4912.86506,5269.49046,5296.40921,-28.833,-97.944,-112.361,25.95041,25.71439,30.39895,-302.5557,-290.06147,3963498.79621,41.667,41.667,-5.85348,-5.56781,31.262,36.166,31.164,4794.1292,5026.4736,5258.818,-0.33308,-0.2157,61.68834,74.674,67.722,5013.45916,4816.85291,5534.24857,4810.14128
000905.SH,20240704,4917.4414,4935.6055,4827.342,4834.4982,4910.9245,-76.4263,-1.5563,91008466.0,98771611.01,-12359.55144,-11660.90243,75.97738,4974.83885,-1.9,-3.143,-5.54,4820.181,5081.524,5342.868,84.22761,60.27668,-113.04139,37.27004,-308.08088,-227.86804,74.09154,72.47086,36.65364,4.68057,3.0,0.0,-425.50253,-371.59773,4970.26812,5060.99282,5471.40653,5123.19179,4914.23275,5210.81321,5252.80187,-0.62256,-0.56062,4990.75212,5191.218,1.25483,12.01587,8.42886,4895.14473,5068.25143,5241.35813,94.0,0.0,4963.31987,5081.5245,5476.10216,5161.10711,4928.16846,5276.6959,5299.85453,-32.569,-94.34,-110.624,25.85542,25.5827,38.13833,-396.3931,-287.87198,3955185.46831,33.333,41.667,-7.57793,-5.51675,27.256,34.351,23.12,4827.342,5066.61,5305.878,-0.32322,-0.20348,62.97261,97.621,96.239,5033.80448,4836.40039,5548.57075,4822.58953
000905.SH,20240703,4945.3994,4950.5148,4905.3897,4910.9245,4949.4771,-38.5526,-0.7789,84528331.0,96121126.34,-10762.84427,-11510.63106,74.03867,5010.44252,-0.972,-2.259,-4.416,4855.009,5103.697,5352.384,85.76585,59.33972,-87.65009,41.26069,-291.68154,-211.02415,74.48318,70.46184,32.38323,4.83743,2.0,0.0,-367.77831,-354.98503,5000.43922,5084.83436,5476.52226,5143.10169,4954.10002,5223.56965,5262.20195,-0.53238,-0.53745,5019.16192,5205.778,6.04491,13.80937,11.22122,4919.61445,5089.56051,5259.50657,93.0,0.0,4989.32658,5103.69662,5480.72755,5182.24406,4946.8791,5285.69752,5303.2383,-26.592,-90.269,-103.565,25.75836,25.42966,46.8493,-296.2035,-253.23113,3964286.31491,41.667,44.444,-5.68842,-4.85704,31.276,36.762,30.193,4905.3897,5126.4097,5347.4297,-0.31144,-0.19093,62.22137,98.019,95.364,5051.62869,4853.5256,5565.85651,4837.6136
000905.SH,20240702,5000.5757,5002.7424,4934.1169,4949.4771,5003.1608,-53.6837,-1.073,96209334.0,105902911.01,-8830.20189,-11312.91333,77.01742,5026.22725,-0.321,-1.973,-3.99,4872.447,5125.248,5378.049,89.90482,65.12007,-74.05413,50.06195,-274.67018,-194.5465,76.51823,69.56376,31.65482,4.81071,1.0,0.0,-344.73034,-362.19083,5020.33137,5103.14066,5481.06522,5159.11391,4975.68779,5234.16779,5270.09583,-0.50717,-0.51667,5038.84145,5217.81283,16.56142,15.10345,15.58944,4932.75205,5107.16937,5281.58669,1.0,0.0,5015.11617,5125.24787,5485.58831,5201.17702,4968.78056,5293.53593,5305.79422,-27.769,-86.945,-100.829,25.72428,25.27389,45.53322,-263.6156,-250.5582,3972739.14801,41.667,44.444,-5.0568,-4.80199,33.565,38.053,34.65,4914.5467,5133.4153,5352.2839,-0.30315,-0.17822,72.81332,89.144,68.309,5067.10935,4868.39918,5577.51132,4847.74349
000905.SH,20240701,4943.7867,5017.6099,4929.0871,5003.1608,4942.7817,60.3791,1.2216,97312793.0,110821074.07,-9943.43168,-11284.21274,77.74759,5035.80085,0.613,-1.339,-3.236,4894.282,5141.477,5388.672,97.8067,69.43903,-72.67734,46.23386,-254.33416,-178.46351,75.77626,68.94596,32.52223,6.20055,0.0,2.0,-305.67714,-368.25697,5036.07677,5119.31577,5485.335,5173.57162,4988.79313,5243.81832,5277.30074,-0.47605,-0.48471,5055.08952,5228.76531,21.04018,14.86046,16.92036,4954.10681,5122.43855,5290.77029,0.0,2.0,5043.25759,5141.47745,5490.31594,5220.31116,4968.612,5301.06506,5307.92896,-32.646,-83.474,-99.797,25.60606,25.12241,52.67655,-191.4292,-254.1274,3982360.08141,50.0,44.444,-3.68516,-4.85926,37.024,39.924,41.811,4914.5467,5133.4153,5352.2839,-0.2944,-0.16515,72.34171,73.069,46.101,5066.43768,4867.75384,5586.95357,4855.9503
000905.SH,20240628,4914.6693,5003.4091,4914.5467,4942.7817,4928.0514,14.7303,0.2989,106308342.0,114743251.8,-13470.84778,-11149.75609,75.74548,5049.17747,-0.93,-2.835,-4.686,4907.892,5156.746,5405.601,83.05344,57.79323,-105.50532,44.48119,-237.7053,-164.32302,75.86859,68.96893,34.23135,4.91168,0.0,1.0,-380.29456,-365.31552,5043.39143,5131.54261,5489.20789,5185.32409,4981.60929,5251.9762,5283.46119,-0.52836,-0.45249,5064.5311,5237.97366,7.16935,13.8305,11.61012,4978.66087,5137.08619,5295.51151,0.0,1.0,5063.65431,5156.74643,5494.89534,5236.60228,4966.56178,5305.78173,5309.56305,-46.201,-79.393,-102.493,25.39183,24.99884,45.13275,-290.1717,-262.15927,3972628.80211,41.667,43.056,-5.54508,-4.99267,29.537,36.562,27.832,4914.5467,5135.78385,5357.021,-0.28312,-0.15142,61.39106,91.419,86.781,5071.46238,4872.58151,5594.12812,4862.18612
000905.SH,20240627,4998.9936,5000.1752,4925.1601,4928.0514,5020.4318,-92.3804,-1.8401,88537187.0,97364975.4,-13449.2272,-10565.64317,73.96214,5066.60823,-1.724,-3.583,-5.253,4938.293,5175.04,5411.787,74.71166,51.94444,-130.62402,41.23999,-218.61301,-150.98936,74.06808,68.89985,37.31793,4.9217,1.0,0.0,-405.60349,-353.96491,5065.74915,5151.41218,5493.59685,5202.05115,5001.02309,5262.45737,5291.11691,-0.59501,-0.41546,5086.66736,5250.02231,9.49261,14.94069,13.12467,5001.25106,5156.40272,5311.55438,89.0,0.0,5090.68541,5175.04034,5499.51145,5252.66506,4998.47128,5310.46547,5311.41623,-49.357,-73.618,-98.296,25.16025,24.913,37.55484,-289.4188,-243.71455,3961997.96791,41.667,43.056,-5.54711,-4.63575,27.613,35.721,24.126,4915.6644,5136.3427,5357.021,-0.26438,-0.13715,51.83311,96.223,95.397,5102.1099,4902.02716,5606.8252,4873.22191
000905.SH,20240626,4942.1652,5024.7679,4915.6644,5020.4318,4948.6343,71.7975,1.4509,93394621.0,102152255.03,-13304.72951,-10131.22333,71.9876,5093.07787,-0.676,-2.237,-3.811,4978.386,5195.053,5411.72,76.4661,53.32575,-135.27529,44.5081,-198.9425,-138.63068,70.85018,69.15654,43.70364,4.93638,0.0,1.0,-325.82637,-327.52709,5096.34865,5174.92384,5498.13939,5220.94768,5037.50894,5273.79317,5299.27569,-0.66425,-0.37685,5115.50662,5263.16398,21.69745,15.84871,17.79829,5031.70255,5178.01049,5324.31843,0.0,2.0,5117.33927,5195.05309,5503.97555,5269.95187,5031.77406,5314.27601,5310.05901,-45.124,-67.448,-90.01,24.93719,24.85076,36.26135,-188.548,-218.76473,3970851.68661,50.0,43.056,-3.61967,-4.14989,32.756,38.813,32.975,4915.6644,5138.7042,5361.744,-0.24376,-0.1226,51.27105,68.051,67.325,5137.03094,4935.57874,5622.32859,4886.69681
000905.SH,20240625,4989.0713,5007.3355,4918.0393,4948.6343,4992.9097,-44.2754,-0.8868,91636779.0,104683752.51,-13456.87151,-9647.76882,69.58497,5116.2961,-2.771,-3.929,-5.525,5002.706,5209.838,5416.97,73.33882,51.84947,-204.49838,40.53299,-183.3179,-126.82607,66.4405,69.2037,45.46157,3.36487,2.0,0.0,-411.0131,-305.58309,5113.21906,5191.18616,5501.97639,5234.77637,5046.04751,5282.38169,5305.54184,-0.66403,-0.33973,5132.79295,5273.07142,2.42119,14.87392,10.72301,5065.55053,5198.12163,5330.69273,87.0,0.0,5138.59143,5209.83793,5508.06997,5285.96207,5061.45178,5318.6758,5303.83492,-51.446,-61.808,-87.531,24.82372,24.82073,29.76038,-280.1659,-200.30152,3961512.22451,41.667,41.667,-5.35813,-3.79077,22.467,34.596,12.091,4918.0393,5141.75615,5365.473,-0.22529,-0.10786,54.04611,90.671,90.602,5175.86576,4972.89063,5632.34304,4895.40096
000905.SH,20240624,5072.8028,5078.955,4986.7679,4992.9097,5102.3292,-109.4195,-2.1445,100186646.0,113108464.98,-10977.30831,-9076.04581,69.55047,5150.34856,-2.725,-3.507,-5.08,5050.172,5230.975,5411.777,83.94008,59.28129,-232.44401,45.66704,-162.97107,-115.85511,62.60929,67.07068,37.8903,6.90703,1.0,0.0,-381.12716,-275.52299,5149.79345,5216.71793,5506.42091,5254.5103,5094.75411,5293.69516,5313.56223,-0.45581,-0.31685,5166.27634,5286.31375,0.25776,16.94938,11.3855,5093.98231,5223.39727,5352.81223,86.0,0.0,5165.47502,5230.97468,5512.38628,5304.51625,5117.90318,5324.44433,5299.55256,-40.811,-55.377,-75.782,24.8154,24.81493,36.65296,-285.0308,-173.8036,3970675.90241,41.667,40.278,-5.40042,-3.27679,24.594,36.065,14.396,4986.7679,5179.93975,5373.1116,-0.20315,-0.09276,64.03185,97.631,97.609,5231.33829,5026.18776,5649.64347,4910.43778
000905.SH,20240621,5079.9226,5128.1378,5071.6547,5102.3292,5094.5653,7.7639,0.1524,83838907.0,98090349.44,-10054.01066,-8711.00361,68.20593,5184.12703,-1.299,-1.843,-3.406,5099.735,5247.002,5394.269,87.80707,66.2393,-186.49187,48.85151,-148.36383,-105.53438,62.11566,65.2181,38.20608,7.13467,0.0,1.0,-288.02844,-250.55476,5184.6565,5240.27669,5510.5455,5272.55172,5145.67632,5303.89128,5320.76791,-0.41398,-0.32128,5197.79755,5298.28942,8.21818,19.73131,15.8936,5121.19929,5244.85549,5368.51169,0.0,1.0,5187.08203,5247.00193,5516.45297,5322.5991,5160.74684,5330.97193,5296.06168,-27.836,-50.275,-64.193,24.86466,24.79613,35.88703,-239.6204,-143.47112,3980694.56701,41.667,40.278,-4.48564,-2.69975,31.31,40.097,23.703,5071.6547,5235.90705,5400.1594,-0.18661,-0.07761,63.24718,83.611,82.159,5270.65428,5063.96195,5663.00973,4922.05519
000905.SH,20240620,5162.1609,5184.747,5092.2867,5094.5653,5168.8204,-74.2551,-1.4366,95609003.0,113062777.43,-10856.83781,-8135.81761,71.19245,5206.92653,-1.741,-2.367,-3.848,5120.413,5260.001,5399.588,78.86537,61.01705,-170.84582,45.19137,-139.64197,-95.98081,62.06927,63.76228,36.37603,7.95771,2.0,0.0,-312.19089,-245.60203,5202.95146,5254.79748,5513.82434,5284.29121,5167.34987,5310.72389,5325.67664,-0.34535,-0.3309,5215.15543,5306.2878,1.82833,21.65017,15.04289,5129.22617,5260.02899,5390.83181,84.0,0.0,5199.72913,5260.00073,5519.90825,5337.74717,5182.89954,5337.03025,5291.5578,-25.624,-46.796,-59.608,24.87678,24.73817,42.16475,-179.5034,-132.9976,3972310.67631,41.667,38.889,-3.40351,-2.50066,30.068,39.638,20.671,5092.2867,5270.6135,5448.9403,-0.17708,-0.06212,55.16447,98.933,98.494,5292.1251,5084.59079,5668.83022,4927.11412
000905.SH,20240619,5235.4758,5236.3018,5168.8204,5168.8204,5230.8913,-62.0709,-1.1866,87849590.0,111740529.82,-8785.66694,-7096.95264,68.13085,5230.4881,-0.751,-1.228,-2.699,5132.706,5278.703,5424.7,83.64099,65.96076,-86.49107,48.81726,-126.90506,-86.43843,63.73162,64.12465,30.6457,8.29695,1.0,0.0,-246.97656,-230.59344,5227.03727,5271.66402,5517.19189,5297.37575,5203.74216,5318.0513,5330.87016,-0.21959,-0.33382,5237.08091,5314.92954,15.73297,24.95381,21.8802,5148.1533,5274.3619,5400.5705,53.0,0.0,5218.06665,5278.70281,5523.47803,5349.88686,5202.90448,5343.67773,5288.45142,-17.011,-43.593,-52.099,24.78683,24.63965,41.74754,-139.7199,-116.49723,3981871.57661,41.667,38.889,-2.63198,-2.18592,35.733,42.632,30.254,5159.334,5322.81945,5486.3049,-0.16885,-0.04635,54.4934,94.957,93.419,5309.44233,5101.2289,5674.93265,4932.4181
000905.SH,20240618,5207.9777,5243.5867,5204.9707,5230.8913,5207.128,23.7633,0.4564,94090903.0,120391272.83,-8543.19596,-6230.74712,67.88309,5242.99152,0.285,-0.263,-1.745,5133.1,5294.207,5455.315,88.63883,64.77731,-44.16208,47.9477,-113.84031,-76.69402,67.4629,64.07119,27.5436,8.4037,0.0,1.0,-194.16242,-228.56116,5239.97435,5282.48967,5519.99005,5306.24164,5221.20304,5323.10998,5334.51173,-0.18604,-0.33971,5249.49191,5320.89317,35.76954,26.49061,29.58359,5149.45141,5283.10377,5416.75613,0.0,3.0,5235.37957,5294.20744,5526.73643,5361.829,5215.73108,5348.83447,5285.77468,-15.7,-41.466,-49.316,24.75699,24.51189,47.95445,-77.7687,-117.34977,3990656.53561,41.667,37.5,-1.46494,-2.19742,41.761,45.378,44.685,5159.334,5336.37875,5513.4235,-0.16546,-0.03065,53.28006,62.914,17.425,5318.35235,5109.78951,5677.52077,4934.66758
000905.SH,20240617,5189.284,5223.5894,5184.5987,5207.128,5213.0927,-5.9647,-0.1144,107970664.0,135704407.62,-8598.86519,-5433.18549,68.56749,5244.33124,-0.101,-0.839,-2.397,5122.256,5308.838,5495.419,80.12791,59.43683,-80.48774,51.58488,-112.92924,-67.159,71.9669,64.92018,26.88044,6.05527,1.0,0.0,-230.65246,-235.84356,5241.9928,5287.92108,5522.31213,5311.43821,5216.35891,5326.23603,5336.84027,-0.19512,-0.35574,5252.87384,5324.56672,26.17335,24.94413,25.35387,5146.40526,5289.06386,5431.72246,1.0,0.0,5239.69731,5308.83794,5530.20129,5371.75274,5213.04686,5353.79373,5283.51025,-23.727,-39.504,-51.368,24.78893,24.34236,41.52264,-121.1784,-147.65948,3981247.44531,33.333,34.722,-2.27424,-2.74453,38.096,44.056,34.757,5159.334,5347.998,5536.662,-0.16303,-0.01492,45.51546,75.23,51.958,5314.10833,5105.71192,5678.54627,4935.55891
000905.SH,20240614,5180.2887,5235.8781,5163.384,5213.0927,5194.59,18.5027,0.3562,133998620.0,146009261.4,-7629.71864,-4699.80894,70.79276,5253.4705,-0.055,-0.916,-2.513,5126.519,5323.076,5519.633,88.14841,70.12996,-95.25335,55.28613,-104.36868,-55.72952,71.53207,64.7993,28.27092,5.74915,0.0,1.0,-231.3178,-232.86436,5249.74054,5296.42561,5524.84373,5318.63202,5220.97437,5330.27359,5339.75516,-0.24748,-0.38303,5261.19127,5329.36014,27.45865,24.73925,25.64572,5153.34499,5297.90159,5442.45819,0.0,1.0,5249.83854,5323.07626,5533.79365,5379.55318,5213.41722,5357.9107,5282.02192,-28.563,-36.538,-50.819,24.70259,24.13279,41.90958,-103.0359,-169.14857,3992044.51171,41.667,33.333,-1.93818,-3.12632,38.656,44.314,36.112,5159.334,5347.998,5536.662,-0.15646,0.00076,54.58825,72.806,63.316,5315.45391,5107.00474,5680.66647,4937.4017
000905.SH,20240613,5231.9096,5233.7954,5182.7423,5194.59,5232.9534,-38.3634,-0.7331,118232764.0,123194241.68,-9105.02877,-4133.66638,70.53047,5261.32852,-0.616,-1.428,-3.102,5139.151,5333.655,5528.159,78.67542,63.92965,-112.85346,52.52767,-95.02621,-43.61377,68.32054,62.79214,29.97232,5.65592,1.0,0.0,-258.31204,-220.79484,5257.8845,5305.1975,5527.34775,5325.9106,5224.9152,5334.24583,5342.6015,-0.33013,-0.39208,5269.93646,5334.10575,25.04147,24.28602,24.53784,5167.07664,5307.77352,5448.4704,37.0,0.0,5259.39527,5333.65489,5537.14712,5388.39978,5216.55872,5360.90794,5278.91756,-34.04,-32.968,-49.988,24.51691,23.91474,34.17087,-176.7793,-192.90272,3978644.64971,33.333,30.556,-3.29114,-3.54425,35.981,43.327,28.947,5159.334,5347.998,5536.662,-0.14737,0.01628,45.03447,82.166,81.256,5323.19024,5114.43768,5682.96781,4939.40193
000905.SH,20240612,5209.1344,5245.9909,5205.5716,5232.9534,5217.4702,15.4832,0.2968,103065569.0,111341271.7,-8470.18437,-3423.86136,70.94697,5275.50138,-0.35,-0.977,-2.66,5156.831,5346.258,5535.685,81.54516,66.86337,-101.44472,50.76802,-80.89645,-31.44075,65.4553,61.131,35.64851,5.30914,0.0,2.0,-222.13937,-192.27694,5271.94995,5316.84039,5530.02051,5334.96719,5240.0778,5338.97992,5345.92761,-0.45816,-0.39843,5283.63582,5339.80027,35.34865,24.16012,27.88963,5177.08522,5318.72766,5460.3701,0.0,3.0,5272.76691,5346.25817,5540.55997,5394.31748,5233.22882,5364.58331,5275.26371,-35.205,-28.713,-46.315,24.28564,23.71232,33.89713,-80.5012,-188.4303,3990467.92611,41.667,30.556,-1.51504,-3.45078,39.233,44.908,35.905,5159.334,5347.998,5536.662,-0.1353,0.0315,44.64734,63.629,61.845,5342.34245,5132.83882,5686.13924,4942.15841
000905.SH,20240611,5182.4129,5232.8495,5159.334,5217.4702,5208.9798,8.4904,0.163,116437116.0,119660626.66,-7739.64143,-2672.69975,71.61498,5281.89283,-0.775,-1.395,-3.118,5166.333,5359.647,5552.962,81.78078,73.6828,-156.53145,49.82705,-73.60824,-19.67082,64.51768,58.54983,36.51935,4.10813,0.0,1.0,-234.78291,-180.02565,5280.61585,5325.6706,5532.40659,5342.00262,5243.64,5342.57404,5348.46635,-0.49572,-0.38628,5292.8508,5344.16136,25.05203,22.29536,23.21425,5182.49106,5328.25984,5474.02862,0.0,1.0,5281.08443,5359.6474,5543.87339,5395.19688,5255.02806,5367.76273,5270.24172,-41.095,-24.312,-44.86,24.02031,23.53215,27.21216,-144.8351,-200.11285,3980161.36921,33.333,29.167,-2.70099,-3.66096,37.131,44.12,30.268,5159.334,5349.0387,5538.7434,-0.12251,0.04589,47.59343,71.798,69.87,5361.02362,5150.7874,5688.08123,4943.8463
000905.SH,20240607,5247.1462,5258.818,5172.0505,5208.9798,5228.8002,-19.8204,-0.3791,113527478.0,118553769.52,-7326.88631,-1837.37761,71.5836,5297.34137,-1.221,-1.78,-3.507,5182.36,5374.037,5565.714,76.41591,72.00154,-160.01904,46.93939,-59.76385,-6.9988,60.67948,53.68257,37.92737,4.15143,3.0,0.0,-237.8568,-158.39056,5294.64821,5337.06012,5534.9362,5350.59106,5256.7249,5346.81485,5351.41009,-0.5005,-0.36328,5306.55637,5349.33243,17.7093,21.83591,20.46038,5192.63524,5341.42214,5490.20904,29.0,0.0,5296.47434,5374.03686,5547.10413,5396.71584,5266.34776,5371.48907,5268.0302,-43.196,-19.175,-40.774,23.73977,23.40147,27.24351,-259.627,-198.9929,3968517.65761,25.0,29.167,-4.74759,-3.63343,36.019,43.696,27.348,5172.0505,5355.39695,5538.7434,-0.10635,0.059,39.13251,81.633,80.035,5374.79549,5164.0192,5691.17533,4946.53557
000905.SH,20240606,5291.5208,5305.878,5213.6618,5228.8002,5277.9405,-49.1403,-0.9311,133368231.0,135739981.47,-4302.15064,-1298.68348,70.89862,5322.06462,-1.157,-1.807,-3.378,5202.121,5390.358,5578.595,94.25414,84.32642,-115.15343,52.6463,-52.82809,5.48832,57.87346,47.03023,35.09631,8.60452,2.0,0.0,-212.77723,-133.72036,5313.68564,5350.54225,5537.55432,5360.35736,5280.59744,5351.48722,5354.61077,-0.37161,-0.34577,5324.29756,5355.06111,18.3855,22.52368,21.14429,5205.74298,5354.9105,5504.07802,28.0,0.0,5306.92182,5390.35764,5550.40814,5396.69222,5286.25986,5373.83266,5266.45218,-40.649,-13.776,-34.1,23.5315,23.34353,35.82036,-250.1129,-187.73472,3979870.40541,25.0,30.556,-4.56501,-3.42414,37.436,44.45,29.773,5213.6618,5392.1135,5570.5652,-0.08875,0.07041,49.93688,91.883,89.44,5396.92,5185.27607,5694.82558,4949.70821
000905.SH,20240605,5328.8678,5347.4297,5277.9405,5277.9405,5341.9496,-64.0091,-1.1982,105792757.0,111608396.27,-468.18812,-832.99313,71.78664,5339.29341,-0.54,-1.27,-2.629,5220.541,5406.756,5592.971,115.85724,99.48558,-70.81443,67.02955,-44.21815,19.429,58.06652,43.90293,28.97075,10.46341,1.0,0.0,-158.90072,-109.24783,5332.54907,5363.35721,5540.03427,5369.43027,5306.49607,5355.64611,5357.43797,-0.27265,-0.33666,5341.66072,5360.21462,34.48131,23.21338,26.96936,5212.045,5366.01196,5519.97892,1.0,0.0,5320.27233,5406.75619,5553.44569,5397.98492,5302.23182,5374.64097,5264.59373,-36.821,-8.695,-27.105,23.39434,23.35465,43.86065,-245.5608,-175.54142,3993207.22851,25.0,31.944,-4.44575,-3.19901,41.113,46.349,36.452,5232.688,5401.6266,5570.5652,-0.07216,0.07975,61.69111,79.074,64.936,5411.52437,5199.30773,5697.61121,4952.12937
000905.SH,20240604,5263.2256,5352.2839,5247.5837,5341.9496,5274.0687,67.8809,1.2871,108083144.0,117835610.77,-123.61178,-517.48323,71.92274,5350.81061,0.546,-0.454,-1.6,5238.114,5415.797,5593.48,126.52889,105.85291,-66.64594,60.73906,-29.46099,34.62335,57.26374,43.31998,32.36833,10.48692,0.0,1.0,-87.20461,-94.37238,5344.68431,5372.34844,5542.13944,5375.73991,5320.77385,5358.2802,5359.22443,-0.33028,-0.32508,5353.24621,5363.57274,38.15977,21.33539,26.94352,5226.52964,5372.84442,5519.1592,0.0,5.0,5339.33896,5415.79696,5556.3571,5399.21579,5312.305,5375.84365,5263.62103,-37.387,-4.092,-22.786,23.30239,23.4186,43.34501,-149.9448,-171.15908,4003786.50421,33.333,31.944,-2.73029,-3.11825,46.574,48.961,48.185,5232.688,5401.6266,5570.5652,-0.05726,0.08695,61.53941,56.919,17.715,5418.82087,5206.3181,5698.66801,4953.0479
000905.SH,20240603,5300.7869,5316.3352,5232.688,5274.0687,5308.5403,-34.4716,-0.6494,126968515.0,129543758.98,-567.57963,-190.65495,68.46894,5354.70033,-0.823,-1.947,-2.873,5244.458,5425.054,5605.649,120.32962,103.54731,-113.78354,55.48029,-18.49014,48.48048,56.8067,42.30632,38.491,7.20942,3.0,0.0,-148.63166,-80.58177,5345.29202,5375.54832,5543.74739,5378.07027,5310.18597,5358.83377,5359.61263,-0.44073,-0.28955,5355.30014,5364.45532,8.39559,18.53133,15.15275,5241.16498,5379.04498,5516.92498,23.0,0.0,5353.03531,5425.05372,5559.19902,5399.47868,5307.1408,5376.00827,5261.96932,-48.079,0.581,-23.458,23.20459,23.53025,36.67378,-150.5965,-177.0686,3992978.18981,33.333,30.556,-2.77614,-3.21929,38.652,45.861,27.587,5232.688,5401.6266,5570.5652,-0.04168,0.09218,61.98886,85.26,70.532,5420.05924,5207.5079,5698.36107,4952.78112
000905.SH,20240531,5310.7218,5357.021,5308.5403,5308.5403,5308.66,-0.1197,-0.0023,104151147.0,113019704.33,-1265.09967,158.65332,69.02697,5367.18033,-0.298,-1.536,-2.227,5265.873,5437.78,5609.688,122.27391,104.64,-81.26233,72.36787,1.36555,61.97642,52.58198,39.38591,31.5107,8.69501,2.0,0.0,-104.97233,-64.29087,5361.11943,5386.23038,5545.91349,5385.24279,5328.24461,5361.70717,5361.53496,-0.32891,-0.22675,5370.0695,5368.14457,3.2718,20.22062,14.57101,5258.45268,5390.06404,5521.6754,22.0,0.0,5377.97857,5437.78046,5562.564,5401.66794,5326.60092,5377.92079,5261.21498,-47.311,6.591,-17.064,23.23621,23.67659,44.20585,-138.1154,-176.18607,4005675.04131,33.333,29.167,-2.53578,-3.20023,41.518,47.258,33.166,5284.5055,5427.53535,5570.5652,-0.01981,0.09515,62.02418,90.468,79.218,5435.52219,5222.36446,5699.9363,4954.15024
000905.SH,20240530,5316.3983,5349.688,5296.4925,5308.66,5328.3064,-19.6464,-0.3687,107350187.0,114757614.22,-1968.29309,528.99686,68.69871,5374.58781,-0.463,-1.744,-2.19,5283.048,5444.41,5605.773,119.44245,96.89139,-101.49634,71.55913,16.78884,73.80718,46.68567,36.77482,34.39528,7.6959,1.0,0.0,-89.83561,-45.5306,5372.80368,5394.40828,5547.8201,5390.53262,5338.09676,5363.50943,5362.72586,-0.38733,-0.16504,5381.25662,5370.5774,3.72975,23.04542,16.60687,5258.32998,5396.9444,5535.55882,21.0,0.0,5396.31398,5444.4105,5565.79818,5397.7684,5327.58378,5379.09593,5260.27412,-49.339,12.505,-12.164,23.39213,23.83001,37.1665,-192.0779,-180.63007,4016090.15601,33.333,27.778,-3.49186,-3.27448,41.527,47.262,33.186,5284.5055,5427.53535,5570.5652,0.00236,0.09567,61.09634,90.421,85.311,5438.37388,5225.10432,5700.3721,4954.52902
000905.SH,20240529,5308.593,5361.744,5305.9631,5328.3064,5316.1286,12.1778,0.2291,104361267.0,112762595.77,-2006.97857,732.90548,71.89221,5392.60255,-0.592,-1.671,-1.753,5303.583,5452.902,5602.221,119.66373,94.24642,-109.00194,92.40613,26.70403,83.81376,36.187,33.90546,32.70773,7.72731,0.0,1.0,-65.94207,-9.4247,5387.05783,5403.43442,5549.74106,5396.17901,5352.81514,5365.36874,5363.94082,-0.34875,-0.09795,5394.45601,5373.10464,7.83274,26.2647,20.12071,5263.79985,5405.22485,5546.64985,0.0,1.0,5407.9145,5452.90204,5569.07624,5398.80381,5338.31284,5379.73147,5258.60099,-48.837,18.672,-5.746,23.59827,23.96378,44.43055,-176.9531,-158.61655,4026825.17471,33.333,26.389,-3.21426,-2.87338,43.057,48.028,36.075,5284.5055,5427.53535,5570.5652,0.02643,0.09408,60.09144,82.629,78.295,5451.75852,5237.96406,5700.85825,4954.95157
000905.SH,20240528,5363.33,5365.473,5310.3183,5316.1286,5371.3693,-55.2407,-1.0284,110965373.0,120979080.99,-958.56829,997.42282,75.16746,5401.87438,-1.281,-2.162,-1.932,5311.994,5455.093,5598.192,122.10334,93.929,-135.42949,106.64686,36.80284,93.52283,29.73935,30.90753,30.54382,12.44066,1.0,0.0,-69.64803,25.118,5400.1137,5411.34263,5551.51966,5400.85988,5365.06952,5366.62509,5364.74159,-0.28871,-0.03921,5406.48321,5374.93314,5.81403,29.3367,21.49581,5270.78682,5412.93226,5555.0777,1.0,0.0,5419.74943,5455.09277,5572.25122,5397.1009,5366.37292,5377.32715,5256.9604,-48.495,24.777,0.53,23.77802,24.06072,45.44284,-219.2668,-122.82903,4016389.04801,25.0,26.389,-3.96118,-2.22197,41.84,47.523,33.065,5258.3847,5414.47495,5570.5652,0.05116,0.09051,62.41489,87.459,86.186,5480.02655,5265.12355,5700.84844,4954.94303
000905.SH,20240527,5325.8508,5373.1116,5284.5055,5371.3693,5313.4546,57.9147,1.09,115643229.0,124785634.5,613.57997,1329.67936,75.48181,5418.22111,-0.892,-1.477,-0.912,5296.539,5452.253,5607.968,146.15862,115.12435,-164.31952,115.81097,53.11197,102.00189,29.37622,30.92858,35.31492,12.30607,0.0,1.0,-4.46091,68.92519,5418.77705,5421.36516,5553.41035,5406.70341,5389.53997,5368.33683,5365.83402,-0.34298,0.00773,5422.91132,5377.33332,11.40527,33.25714,25.97318,5280.90348,5421.5946,5562.28572,0.0,2.0,5438.21036,5452.25311,5575.43002,5396.62359,5398.92982,5377.18841,5255.31119,-42.134,30.839,9.772,23.97228,24.11763,45.01774,-185.4019,-78.78282,4027485.58531,25.0,27.778,-3.3365,-1.42484,45.92,49.62,40.226,5229.8248,5400.195,5570.5652,0.07669,0.08555,73.23679,65.834,65.552,5511.85954,5295.70818,5701.15116,4955.20615
000905.SH,20240524,5348.51,5400.1594,5311.4888,5313.4546,5362.3053,-48.8507,-0.911,106564175.0,117396142.03,-1939.94501,1711.39753,75.01843,5433.85453,-2.322,-2.815,-1.964,5273.685,5446.837,5619.989,131.22225,97.07328,-219.55993,118.31391,65.10736,106.82187,27.80593,30.41774,34.46956,13.70562,4.0,0.0,-50.88627,97.66153,5429.31211,5426.62788,5554.87252,5409.14025,5398.62531,5368.23404,5365.70963,-0.28961,0.06316,5432.2826,5377.57675,-8.59147,36.89912,21.73559,5292.32072,5429.8682,5567.41568,17.0,0.0,5451.59938,5446.8366,5578.58209,5393.42704,5429.35622,5374.25666,5254.31676,-40.608,36.106,15.802,24.08264,24.13271,45.81047,-145.3013,-27.92025,4015921.26241,25.0,29.167,-2.6618,-0.49717,40.327,47.283,26.276,5183.7005,5377.13285,5570.5652,0.09983,0.07962,62.40259,99.135,99.127,5545.91055,5328.42386,5700.26867,4954.43913
000905.SH,20240523,5448.9403,5448.9403,5352.3934,5362.3053,5468.6068,-106.3015,-1.9438,126657569.0,135749197.02,354.75288,2537.85738,74.74012,5453.98883,-1.759,-2.138,-1.082,5247.424,5441.577,5635.731,135.32104,101.98844,-205.06796,113.7541,86.57864,108.63971,26.18984,29.16478,30.10095,19.50122,3.0,0.0,7.5893,124.22206,5455.05823,5438.54086,5556.81162,5415.73926,5441.21066,5370.09097,5366.8839,-0.16837,0.10769,5453.88769,5380.19398,7.55086,44.48088,32.17087,5304.722,5439.14896,5573.57592,16.0,0.0,5473.79346,5441.57743,5581.69486,5394.40849,5465.04418,5372.32761,5254.78195,-24.034,41.182,29.165,24.15674,24.12337,53.51638,-164.7794,23.8516,4026577.67991,25.0,30.556,-2.98131,0.47039,43.832,49.125,31.432,5183.7005,5377.13285,5570.5652,0.12316,0.07289,73.36045,95.457,94.621,5573.86553,5355.28256,5700.58146,4954.71099
000905.SH,20240522,5472.0098,5486.3049,5455.0766,5468.6068,5478.9131,-10.3063,-0.1881,113057782.0,126572719.2,2686.91088,3062.05171,72.75169,5473.18528,-0.069,-0.447,1.011,5230.919,5436.841,5642.763,148.41997,113.89383,-51.36057,125.60423,107.72536,105.71454,26.86398,29.753,21.27913,21.09261,2.0,0.0,126.7998,146.82413,5475.66999,5446.56566,5558.37392,5419.42436,5480.66335,5370.35489,5366.98679,-0.01058,0.15592,5470.53904,5380.92413,35.5187,50.63589,45.59683,5311.36615,5444.54573,5577.72531,3.0,0.0,5493.24005,5436.84122,5584.86352,5392.28469,5477.51616,5369.22824,5255.21628,-6.727,44.186,40.822,24.19471,24.12144,61.27442,-59.9968,81.9176,4039243.43681,25.0,31.944,-1.08521,1.54874,53.026,53.468,48.798,5183.7005,5377.13285,5570.5652,0.13846,0.06541,73.65124,62.767,52.946,5584.41665,5365.41991,5700.16736,4954.35107
000905.SH,20240521,5511.4838,5513.4235,5460.975,5478.9131,5523.5013,-44.5882,-0.8072,108691192.0,123832374.66,3144.671,2923.67334,75.08718,5475.79289,0.022,-0.351,1.302,5217.161,5429.154,5641.148,162.51275,119.55641,-11.52006,121.9924,109.11037,98.54365,31.62392,32.00828,18.85377,30.17644,1.0,0.0,141.31412,160.36678,5477.23958,5444.24554,5559.09495,5416.03247,5486.69162,5367.02431,5364.70319,0.12454,0.18551,5470.89035,5377.34525,43.02503,53.15542,49.77862,5300.49058,5441.86674,5583.2429,2.0,0.0,5492.25496,5429.15421,5587.68433,5389.15097,5473.12594,5363.73541,5254.55905,-1.483,45.027,44.285,24.17992,24.15158,68.75632,37.772,140.66152,4050549.21501,33.333,34.722,0.69419,2.66551,54.033,53.911,51.078,5183.7005,5377.13285,5570.5652,0.14501,0.05732,84.53571,56.422,45.805,5582.02757,5363.12452,5699.24918,4953.55302
000905.SH,20240520,5496.7904,5536.662,5484.358,5523.5013,5491.8944,31.6069,0.5755,144971448.0,163572079.87,2925.50309,2797.36208,77.53424,5469.96962,0.755,0.518,2.285,5209.305,5422.7,5636.096,154.2898,115.35196,60.14303,149.86395,116.46926,90.43481,32.07571,31.90906,15.58745,36.31607,0.0,2.0,193.1951,172.03495,5476.86769,5440.59632,5559.73898,5411.69587,5490.58088,5363.23147,5362.13668,0.22647,0.18741,5469.43167,5373.19962,48.94931,54.84382,52.87898,5301.38988,5437.38564,5573.3814,0.0,5.0,5497.07212,5422.70036,5590.49658,5385.89484,5477.4909,5358.10282,5254.007,3.598,45.212,47.011,24.11949,24.22372,75.24744,45.0105,173.97925,4061418.33421,33.333,36.111,0.82159,3.30183,58.435,55.828,61.425,5183.7005,5377.13285,5570.5652,0.1491,0.04893,84.13568,28.973,11.669,5586.76845,5367.67949,5697.61276,4952.13072
000905.SH,20240517,5418.6575,5493.2007,5409.7047,5491.8944,5424.6652,67.2292,1.2393,126916168.0,139244609.26,2438.33574,2430.64327,82.32867,5460.82676,0.142,0.011,1.874,5202.458,5413.513,5624.568,155.81087,114.65316,5.0804,147.26017,119.67311,80.58985,32.48093,29.63947,15.36845,34.93325,0.0,1.0,167.95714,179.81471,5466.50467,5431.86948,5560.03004,5403.98515,5474.12067,5357.7986,5358.51051,0.21641,0.18165,5459.60083,5367.06486,19.76256,55.82623,43.80501,5284.736,5429.2325,5573.729,0.0,2.0,5497.58235,5413.51263,5593.39691,5381.81896,5473.84254,5351.73786,5252.44361,1.008,44.762,45.267,24.06277,24.33851,74.74058,119.7735,203.23228,4046921.18941,33.333,37.5,2.22954,3.85645,56.112,54.734,56.182,5183.7005,5377.13285,5570.5652,0.15071,0.04042,82.50978,48.431,48.431,5583.31085,5364.35749,5693.85121,4948.86133
000905.SH,20240516,5461.1077,5475.3735,5408.1251,5424.6652,5446.6557,-21.9905,-0.4037,122108119.0,133148761.56,70.79307,1782.99099,86.25927,5458.01738,-1.278,-1.033,0.796,5169.877,5398.496,5627.114,141.35837,103.14029,-7.84741,125.25141,116.85471,69.30993,33.02954,27.30743,16.67186,33.39704,5.0,0.0,108.47693,193.89432,5460.8625,5425.55107,5560.57732,5397.92245,5465.2338,5353.25298,5355.51312,0.17998,0.17723,5453.72927,5361.96978,-3.90517,61.83685,39.92284,5289.29411,5425.47453,5561.65495,10.0,0.0,5492.50702,5398.49561,5596.23163,5374.96119,5482.54274,5346.04343,5250.15068,1.927,44.636,45.6,24.02657,24.49395,74.54937,165.3298,217.75922,4034229.57261,33.333,38.889,3.14355,4.12954,50.744,52.329,42.273,5183.7005,5377.13285,5570.5652,0.15394,0.0322,70.60807,89.818,89.818,5596.17096,5376.71328,5691.86946,4947.13888
000905.SH,20240515,5495.5571,5497.0842,5441.3548,5446.6557,5500.7379,-54.0822,-0.9832,110124989.0,121525793.56,638.1949,1322.55957,90.72784,5461.64786,-0.981,-0.382,1.268,5164.578,5394.248,5623.918,145.95442,101.72906,22.75965,130.33495,123.79471,56.39781,32.13972,28.10347,19.57056,32.90754,4.0,0.0,143.20167,199.89935,5468.90635,5425.64432,5561.66898,5396.07812,5485.51811,5350.83223,5353.95914,0.13371,0.17526,5459.01365,5359.41078,18.79166,72.79385,54.79312,5278.21702,5424.36084,5570.50466,7.0,0.0,5497.88958,5394.24847,5599.58253,5368.26588,5508.96394,5340.79182,5248.302,15.623,44.396,52.207,24.1452,24.68799,74.59238,183.6166,210.03912,4046440.38451,33.333,40.278,3.48879,3.97707,52.676,53.215,46.277,5183.7005,5377.13285,5570.5652,0.15692,0.02453,70.2222,62.156,95.897,5617.12206,5396.84276,5691.14127,4946.50597
000905.SH,20240514,5508.4663,5538.7434,5484.964,5500.7379,5505.2595,-4.5216,-0.0821,118994399.0,132592062.47,2363.99705,600.55397,91.05798,5466.45074,-0.241,0.89,2.391,5152.001,5385.777,5619.552,148.56951,102.85855,57.68263,141.94697,121.5934,42.14185,32.64203,30.61696,17.83074,32.39659,3.0,0.0,208.05572,210.01715,5473.85094,5423.43259,5562.59278,5392.59001,5504.94931,5347.58397,5351.87607,0.15589,0.17247,5461.26055,5355.84976,71.69564,81.79421,78.42802,5261.90618,5420.43058,5578.95498,3.0,0.0,5490.4361,5385.77663,5602.76088,5358.60016,5511.38398,5330.11258,5246.84332,30.398,42.443,57.642,24.37554,24.89977,73.78804,292.4667,235.35813,4057452.88341,41.667,43.056,5.61543,4.47277,57.621,55.428,57.424,5183.7005,5377.13285,5570.5652,0.15252,0.01708,69.49613,22.368,60.356,5620.03327,5399.63981,5689.50703,4945.08555
000905.SH,20240513,5503.1286,5527.2001,5462.5075,5505.2595,5535.3954,-30.1359,-0.5444,131627588.0,146159918.96,4430.76174,-540.27617,94.03396,5463.70159,-0.243,1.426,2.576,5145.565,5375.83,5606.096,159.99882,112.26127,58.63197,140.03832,101.31183,28.28944,32.39264,32.69247,18.08942,30.67176,2.0,0.0,211.32315,208.5092,5467.87606,5415.29519,5563.08961,5385.13153,5507.05501,5342.39231,5348.53086,0.11117,0.15037,5454.08284,5349.93596,88.51192,83.47731,85.15551,5249.96103,5411.19713,5572.43323,2.0,0.0,5466.29585,5375.83021,5605.38968,5351.38952,5516.65334,5312.77134,5244.74279,39.182,38.643,58.234,24.61277,25.10572,66.95738,237.6784,218.0939,4069352.32331,41.667,44.444,4.5121,4.12641,58.039,55.614,58.404,5183.7005,5377.13285,5570.5652,0.1398,0.01047,80.40756,19.166,56.448,5624.09349,5403.5408,5685.01422,4941.18058
000905.SH,20240510,5562.1931,5570.5652,5497.4972,5535.3954,5556.7712,-21.3758,-0.3847,128688030.0,144026969.94,6324.65348,-1802.48302,95.39133,5449.33072,0.498,2.355,3.237,5138.159,5364.341,5590.523,171.3569,124.90528,90.28102,140.02618,83.28569,18.48807,31.7424,31.06171,14.47638,35.76106,1.0,0.0,239.87369,190.30709,5459.56863,5405.82527,5563.55411,5376.84685,5507.95277,5336.87139,5345.00887,0.26568,0.12143,5444.778,5343.59623,99.30221,82.63821,88.19288,5239.49981,5402.02605,5564.55229,1.0,0.0,5442.07381,5364.34087,5607.93725,5344.37241,5521.32216,5297.07072,5242.89282,47.873,33.745,57.682,24.8082,25.2982,73.96478,220.5287,205.80118,4082515.08211,41.667,45.833,4.14928,3.8921,60.728,56.827,64.521,5183.7005,5377.13285,5570.5652,0.12171,0.0051,91.84133,9.091,26.248,5628.67515,5407.94279,5680.15044,4936.95319
000905.SH,20240509,5461.36,5568.7324,5461.36,5556.7712,5458.7559,98.0153,1.7956,131121230.0,153999870.75,5596.69618,-3219.00315,94.63505,5439.26657,1.06,3.1,3.744,5142.519,5354.716,5566.913,201.07773,143.33835,103.11537,135.12347,57.32695,12.01328,26.79801,27.75191,13.597,33.44053,0.0,1.0,252.43477,171.38323,5442.71823,5392.1863,5563.78028,5365.91246,5494.23146,5330.14176,5340.73052,0.25575,0.06962,5428.30211,5335.76769,102.62856,79.86088,87.4501,5223.5494,5388.0829,5552.6164,0.0,94.0,5409.36139,5354.71601,5610.26828,5339.34475,5502.4713,5282.79298,5240.38049,50.618,27.761,53.07,24.99544,25.46693,74.13157,206.9351,198.4933,4095383.88511,41.667,47.222,3.86806,3.75597,62.614,57.683,68.778,5183.7005,5376.21645,5568.7324,0.09805,0.00128,105.23631,3.107,6.056,5611.23516,5391.18673,5672.18866,4930.03314
000905.SH,20240508,5516.4477,5516.4477,5454.8735,5458.7559,5527.0847,-68.3288,-1.2363,123955621.0,139472996.79,1303.12717,-4475.99089,93.44121,5421.68711,-0.164,1.607,2.129,5149.907,5341.807,5533.707,160.43924,116.79045,87.84275,117.03869,36.0165,10.53972,21.58532,24.60313,15.74519,28.0312,2.0,0.0,144.50709,132.19418,5417.37313,5374.86158,5563.83658,5352.74979,5462.96158,5322.45941,5335.87567,0.14158,0.02297,5404.94409,5326.74714,96.05277,76.06626,82.72843,5215.42715,5373.25431,5531.08147,2.0,0.0,5380.44238,5341.80701,5612.87632,5336.31333,5486.81522,5268.46312,5238.41496,45.602,21.434,44.235,25.1908,25.59279,66.67526,119.0092,180.11215,4082271.76211,41.667,48.611,2.22874,3.41663,57.0,54.685,58.251,5183.7005,5363.4128,5543.1251,0.07189,-0.00082,91.96288,23.473,29.63,5594.54983,5375.15572,5662.60787,4921.70591
000905.SH,20240507,5532.323,5543.1251,5507.5008,5527.0847,5528.6036,-1.5189,-0.0275,136535402.0,162155744.86,1881.55839,-5249.53504,91.63976,5408.37866,1.704,3.069,3.597,5152.573,5337.599,5522.625,165.07494,120.65548,147.36167,123.96055,28.02196,12.6485,24.06723,24.91652,14.66131,26.30823,1.0,0.0,203.90853,91.04638,5408.17696,5366.0306,5564.6806,5345.43903,5465.06443,5317.83919,5333.11432,0.17465,0.01445,5395.16012,5321.35902,112.01769,72.73518,85.82935,5203.39355,5362.36609,5521.33863,1.0,0.0,5366.05346,5337.59898,5616.04347,5337.4686,5469.48822,5257.7337,5237.59846,53.122,15.733,42.295,25.41588,25.66489,73.26027,335.5307,146.35015,4094667.32421,50.0,48.611,6.46301,2.7845,63.05,57.401,72.441,5183.7005,5363.4128,5543.1251,0.0474,-0.00095,92.33441,4.463,5.12,5568.7165,5350.33547,5658.14738,4917.82903
000905.SH,20240506,5498.4442,5535.9488,5496.9071,5528.6036,5441.1411,87.4625,1.6074,165791626.0,187906843.86,-741.68506,-6033.37005,92.30093,5384.51385,2.563,3.638,3.926,5165.317,5330.306,5495.296,157.95347,113.50132,192.10495,124.30066,18.01964,17.15378,28.59189,25.85296,14.34417,25.22788,0.0,1.0,199.00799,39.59971,5381.75301,5349.07753,5564.98258,5332.91174,5434.05429,5310.74612,5328.75543,0.17664,0.01102,5371.17384,5312.96206,110.55008,66.18809,80.97542,5171.01045,5345.15163,5519.29281,0.0,91.0,5348.3286,5330.3062,5619.58216,5335.83994,5415.93836,5247.74751,5236.73959,46.305,9.093,32.246,25.61123,25.67498,67.26127,188.8813,84.50302,4108320.86441,50.0,48.611,3.53729,1.59551,63.187,57.462,72.769,5183.7005,5359.82465,5535.9488,0.01768,0.00076,92.62213,2.085,2.085,5514.70052,5298.43775,5648.7766,4909.68434
000905.SH,20240430,5471.1676,5478.0353,5436.5752,5441.1411,5478.4908,-37.3497,-0.6818,162797344.0,175143689.58,-4038.18706,-6468.04864,93.34148,5352.59918,1.95,2.3,2.478,5181.808,5323.937,5466.067,140.08631,96.21817,185.31072,131.10461,6.87395,23.81707,32.99231,27.15233,14.15766,22.09874,1.0,0.0,102.11048,-21.53801,5349.11955,5330.18005,5565.27478,5319.41575,5386.77964,5303.36112,5324.26446,0.16226,0.00948,5342.55024,5304.16036,99.9284,58.79443,72.50575,5141.87714,5326.69532,5511.5135,1.0,0.0,5329.44291,5323.93727,5623.13562,5335.83472,5362.82546,5239.38901,5236.30318,30.982,3.305,18.796,25.76766,25.62822,66.53792,163.9221,25.3021,4091741.70181,50.0,47.222,3.10622,0.49019,58.431,54.821,65.2,5183.7005,5335.98905,5488.2776,-0.00952,0.00481,77.87039,15.476,15.476,5457.72101,5243.69273,5638.79486,4901.00862
000905.SH,20240429,5371.2122,5488.2776,5371.2122,5478.4908,5372.1209,106.3699,1.98,190936055.0,212148850.25,-4533.52109,-6657.45268,95.03785,5324.86475,3.209,3.267,3.3,5183.906,5316.188,5448.471,138.26813,98.32434,250.76408,135.72784,-12.26652,32.83501,30.38101,29.32312,16.44545,21.23105,0.0,2.0,126.33056,-56.69696,5328.67031,5318.49994,5566.27183,5311.0209,5359.5989,5298.69062,5321.63802,0.10858,-0.01819,5324.62463,5298.56931,95.61243,51.93877,66.49665,5104.65741,5313.51407,5522.37073,0.0,25.0,5304.4842,5316.18827,5627.17047,5336.26823,5316.25148,5233.25629,5237.04064,21.659,-0.568,10.262,25.82054,25.51423,59.77619,176.6814,-20.95958,4108021.43621,50.0,45.833,3.33247,-0.37951,61.543,56.25,72.357,5183.7005,5335.98905,5488.2776,-0.02938,0.0115,79.19956,3.213,3.213,5411.65087,5199.42927,5634.37917,4897.17068
000905.SH,20240426,5258.3847,5379.6707,5258.3847,5372.1209,5259.3354,112.7855,2.1445,173777701.0,193788859.19,-6581.86108,-6719.12865,95.19248,5293.22835,1.728,1.544,1.369,5188.178,5303.454,5418.73,128.06976,89.29149,101.3169,120.64483,-18.76492,44.94983,28.70581,31.86657,18.0165,14.47189,0.0,1.0,17.30044,-87.83422,5295.37687,5301.6588,5566.9769,5299.47125,5300.15296,5292.59569,5318.11324,-0.04297,-0.05309,5296.64897,5291.22558,64.73516,44.65982,51.3516,5082.80133,5299.56887,5516.33641,0.0,14.0,5290.60735,5303.45403,5631.09347,5333.41609,5274.06954,5224.17646,5238.01494,-2.617,-3.275,-4.584,25.75062,25.33319,52.05546,96.6482,-64.79952,4088927.83071,50.0,44.444,1.83203,-1.2014,55.332,52.898,62.618,5156.4803,5283.5883,5410.6963,-0.04498,0.02116,75.88583,16.994,3.853,5377.14975,5166.28113,5628.31659,4891.90134
000905.SH,20240425,5240.4817,5297.1627,5229.8248,5259.3354,5263.0391,-3.7037,-0.0704,110833929.0,127544603.28,-9044.30434,-6668.70933,95.51492,5273.93921,-0.338,-0.436,-0.832,5165.443,5292.682,5419.921,114.19982,77.32659,-66.63542,94.32038,-16.93072,57.36736,27.62094,35.11195,22.26933,8.88598,1.0,0.0,-102.37974,-94.76744,5278.32264,5294.24174,5568.54201,5294.46093,5264.16898,5289.89992,5316.89959,-0.14934,-0.07667,5282.9268,5287.92373,23.94516,41.31394,35.52435,5089.95013,5295.65765,5501.36517,1.0,0.0,5281.11716,5292.68219,5635.32926,5334.84915,5262.6187,5215.73682,5240.15642,-19.374,-2.948,-12.635,25.6234,25.0927,43.44713,-83.5628,-70.29507,4071550.06061,41.667,44.444,-1.564,-1.30597,47.015,48.921,45.719,5156.4803,5283.5883,5410.6963,-0.04791,0.03389,62.29467,66.68,66.68,5372.52949,5161.84206,5627.3571,4891.06738
000905.SH,20240424,5210.1831,5263.0391,5183.7005,5263.0391,5208.2712,54.7679,1.0516,117297220.0,139471094.81,-8191.30676,-6439.00625,96.19684,5280.03125,-0.52,-0.497,-0.944,5167.545,5293.936,5420.327,113.92679,82.373,-132.86103,81.20156,3.29812,69.21908,25.76581,35.23799,23.01411,6.57154,0.0,1.0,-104.77149,-83.19052,5282.54203,5297.91609,5571.0256,5296.88338,5266.58578,5290.93601,5318.19316,-0.20063,-0.10163,5287.21614,5289.0906,21.46216,44.20873,36.62654,5084.28949,5299.18923,5514.08897,0.0,1.0,5285.36456,5293.93636,5639.9105,5340.32858,5280.71884,5207.76415,5242.80813,-21.435,-0.526,-11.244,25.47643,24.80954,37.0855,-35.5521,-37.04448,4082633.45351,50.0,45.833,-0.67097,-0.6754,47.28,49.051,46.291,5156.4803,5283.5883,5410.6963,-0.04191,0.04904,73.81312,65.048,65.048,5391.09038,5179.67507,5627.35631,4891.0667
000905.SH,20240423,5257.766,5280.0593,5196.955,5208.2712,5267.5811,-59.3099,-1.1259,125801120.0,139018868.11,-7840.54784,-6250.99302,97.67793,5282.50868,-1.333,-1.588,-2.14,5169.928,5295.522,5421.116,116.51801,82.3603,-165.23885,73.59972,18.53782,79.91568,23.11404,32.76468,22.54311,6.75153,3.0,0.0,-167.81829,-95.81038,5286.87602,5301.58735,5573.49938,5299.21747,5268.35912,5291.88167,5319.43258,-0.16406,-0.12064,5291.61197,5290.15392,16.39242,47.99983,37.46402,5086.73926,5305.77832,5524.81738,4.0,0.0,5286.60792,5295.52172,5644.6321,5346.2623,5296.06036,5203.68738,5245.23142,-23.669,2.153,-9.681,25.33067,24.51024,37.68223,-166.3242,-25.30747,4070903.73151,41.667,45.833,-3.09464,-0.45087,42.918,47.052,36.488,5156.4803,5283.5883,5410.6963,-0.03482,0.06558,74.77462,89.552,89.552,5404.2316,5192.30094,5627.31668,4891.03226
000905.SH,20240422,5289.4066,5340.6307,5264.1859,5267.5811,5314.8667,-47.2856,-0.8897,135266882.0,150190436.49,-6973.18123,-5974.4808,99.00874,5305.45165,-0.622,-0.727,-1.273,5179.732,5304.336,5428.941,117.21157,84.36523,-61.3884,71.75537,42.59133,89.79512,21.31235,29.66751,17.0477,15.04668,2.0,0.0,-108.84323,-74.00178,5304.34376,5311.4101,5576.43294,5305.48962,5298.40307,5294.71592,5321.93059,0.06492,-0.14761,5306.76484,5293.49608,46.38016,53.26773,50.97187,5099.91371,5313.92041,5527.92711,3.0,0.0,5300.07062,5304.33644,5649.48252,5350.97309,5292.71692,5201.33216,5248.2709,-14.164,5.112,-1.97,25.08371,24.21138,44.55923,-113.648,11.63048,4083483.84351,41.667,47.222,-2.11193,0.23933,46.758,49.05,43.684,5156.4803,5310.0105,5463.5407,-0.0265,0.08309,74.54631,63.313,63.313,5405.30088,5193.32829,5628.06884,4891.686
000905.SH,20240419,5322.3588,5369.9543,5292.0162,5314.8667,5349.8361,-34.9694,-0.6537,142134216.0,156010347.14,-6432.31431,-5617.52902,98.34777,5316.71279,0.24,-0.014,-0.532,5172.549,5314.249,5455.949,113.58132,86.20323,17.40363,75.56833,57.10437,98.23777,28.26522,30.94828,15.00316,15.82017,1.0,0.0,-60.49301,-73.46447,5312.51323,5316.02368,5578.91368,5308.104,5313.81406,5295.63575,5323.15193,0.14379,-0.19457,5313.88915,5294.55383,65.51208,54.41566,58.11446,5100.41653,5316.35421,5532.29189,2.0,0.0,5303.17163,5314.24881,5654.05429,5351.29701,5307.14516,5197.89813,5250.41343,-10.041,6.882,1.862,24.73432,23.93704,50.8554,-86.3582,27.6506,4097010.53171,41.667,47.222,-1.59886,0.53615,50.03,50.694,50.27,5156.4803,5336.96845,5517.4566,-0.02342,0.10092,74.75334,42.394,42.394,5412.18296,5199.94049,5628.03867,4891.65978
000905.SH,20240418,5317.7986,5410.6963,5299.2288,5349.8361,5339.7467,10.0894,0.1889,153497682.0,167338860.16,-5956.79174,-5198.56291,96.62471,5309.92365,0.941,0.507,0.061,5161.373,5323.176,5484.979,108.73514,87.27025,75.91711,75.733,73.07476,107.37558,35.02733,32.5343,14.04898,15.34254,0.0,2.0,-24.29892,-77.11516,5311.99024,5316.14547,5581.03454,5307.63761,5313.28774,5294.98385,5323.33811,0.16278,-0.23931,5313.71141,5293.72473,69.97427,52.56625,58.36892,5107.79319,5315.37967,5522.96615,0.0,8.0,5309.1445,5323.17618,5658.65269,5352.47151,5299.61562,5195.82365,5253.12678,-12.453,8.138,1.911,24.30769,23.70898,57.7108,63.6749,28.25093,4111223.95331,50.0,47.222,1.20456,0.54647,52.521,51.927,55.419,5156.4803,5336.96845,5517.4566,-0.02277,0.11887,74.56809,26.924,26.924,5405.53478,5193.55303,5627.9424,4891.5761
000905.SH,20240417,5211.2486,5339.7467,5211.2486,5339.7467,5191.554,148.1927,2.8545,147594552.0,155660732.93,-5088.47094,-4576.9892,93.87742,5306.26066,0.986,0.418,-0.178,5154.435,5329.596,5504.756,110.97973,91.14617,-2.33561,66.3452,84.6525,116.47295,42.60296,35.68299,19.62838,10.15083,0.0,1.0,-32.9182,-91.38252,5303.58005,5312.59909,5582.89156,5304.72737,5295.01356,5293.12445,5322.74265,-0.08674,-0.28123,5307.14329,5291.43447,53.71661,49.66491,51.01548,5116.33038,5311.39292,5506.45546,0.0,5.0,5312.2838,5329.59561,5662.92072,5352.53787,5290.01028,5193.21464,5255.53826,-22.617,9.694,-1.614,23.92442,23.51424,50.73561,115.9407,-14.08753,4095874.18511,50.0,44.444,2.21947,-0.23473,51.887,51.602,54.294,5156.4803,5345.05965,5533.639,-0.02099,0.13686,74.0404,28.695,18.967,5394.74016,5183.18172,5627.41036,4891.11367
000905.SH,20240416,5309.1005,5346.7615,5184.6535,5191.554,5339.7223,-148.1683,-2.7748,162583973.0,168778499.34,-5932.22752,-4081.57699,90.18282,5301.12465,-1.826,-2.191,-3.012,5143.55,5339.031,5534.512,105.2483,85.48946,-87.2981,68.75132,97.05339,125.75836,44.71017,35.07797,24.66985,10.65719,1.0,0.0,-180.49066,-92.1484,5295.54302,5309.74144,5584.84453,5302.31224,5272.64699,5291.54404,5322.36054,-0.20559,-0.29832,5301.2154,5289.46254,16.24442,48.98963,38.07456,5124.36928,5312.91702,5501.46476,11.0,0.0,5318.43162,5339.03063,5667.19733,5354.17364,5277.15548,5190.98849,5257.81941,-35.169,12.521,-5.063,23.68061,23.3476,43.43623,34.87,-58.49695,4081114.72991,50.0,41.667,0.67621,-1.0613,41.35,46.501,33.849,5156.4803,5345.05965,5533.639,-0.01375,0.15472,72.72935,96.827,96.395,5389.5917,5178.23517,5627.05383,4890.80379
000905.SH,20240415,5270.0415,5376.0484,5219.4286,5339.7223,5277.219,62.5033,1.1844,159217624.0,169269295.71,-5150.28073,-3635.12868,87.05512,5317.32843,0.636,0.655,-0.437,5162.889,5352.16,5541.432,109.19051,93.73552,13.33408,76.93209,108.88164,135.46599,42.41532,33.91234,27.89994,11.0948,0.0,1.0,-36.96671,-74.14625,5318.65169,5322.18223,5588.00349,5309.95074,5313.19349,5294.93353,5325.30001,-0.25519,-0.30455,5321.15383,5293.45881,57.68236,54.44717,55.52556,5149.19358,5320.48832,5491.78306,0.0,3.0,5327.89234,5352.16024,5672.08635,5360.42345,5307.42432,5191.52698,5261.8392,-22.44,16.917,5.697,23.53752,23.18045,44.15322,55.3035,-94.24755,4097373.12721,50.0,38.889,1.04654,-1.72051,51.734,51.724,53.96,5156.4803,5345.05965,5533.639,0.00049,0.17206,73.56932,32.696,26.753,5409.9472,5197.7924,5628.57599,4892.1268
000905.SH,20240412,5307.7225,5336.4477,5270.4618,5277.219,5301.8094,-24.5904,-0.4638,118524933.0,136145117.63,-6077.66794,-3319.46884,83.99523,5312.94024,-0.65,-0.436,-1.61,5164.829,5354.82,5544.812,107.26727,89.9227,-21.40742,71.9789,105.41043,145.79525,38.02268,31.68654,32.72396,11.51194,1.0,0.0,-105.61935,-64.98501,5313.96933,5320.33591,5589.99771,5307.89753,5299.92909,5293.41526,5324.97591,-0.37396,-0.31675,5317.77775,5291.57051,43.30261,53.90797,50.37285,5157.40756,5321.40992,5485.41228,1.0,0.0,5316.30071,5354.82046,5676.08673,5360.65914,5299.1981,5188.49958,5264.63668,-30.919,19.722,4.263,23.43769,22.98543,35.5504,-17.5273,-129.10673,4081451.36481,41.667,36.111,-0.33103,-2.35875,46.543,49.428,41.805,5156.4803,5345.05965,5533.639,0.00801,0.18871,61.69502,50.855,74.828,5410.1246,5197.96285,5628.0422,4891.66285
000905.SH,20240411,5244.0544,5353.8091,5240.5101,5301.8094,5275.4727,26.3367,0.4992,127745143.0,141290912.86,-6747.27347,-2833.68589,84.18579,5324.83609,-0.512,0.0,-1.152,5173.488,5361.715,5549.942,107.80581,85.03293,-28.77491,70.74185,101.58645,158.29429,33.63135,28.79397,32.79654,13.00122,0.0,1.0,-82.39711,-40.32291,5322.13607,5324.87453,5592.50999,5310.01329,5311.28413,5293.96429,5326.0491,-0.37175,-0.31057,5325.15207,5292.15628,63.46566,55.67553,58.27224,5147.86835,5324.22049,5500.57263,0.0,1.0,5304.24721,5361.71514,5680.12256,5357.55341,5318.67338,5186.89015,5267.85099,-29.708,23.587,8.733,23.36596,22.7462,35.2396,-82.7562,-138.33838,4093303.85811,41.667,36.111,-1.53692,-2.52639,48.421,50.33,45.766,5156.4803,5345.05965,5533.639,0.02033,0.205,61.04429,40.846,62.079,5426.66623,5213.85578,5627.81571,4891.46599
000905.SH,20240410,5335.7302,5335.7302,5242.863,5275.4727,5342.8982,-67.4255,-1.262,117908618.0,132251020.97,-6311.17452,-2048.17157,82.92834,5331.95816,-1.313,-0.626,-1.68,5179.843,5367.811,5555.778,93.60822,79.1356,-51.64316,71.89634,110.26409,173.71208,30.04127,25.23866,36.5635,12.23504,1.0,0.0,-109.90308,-13.38799,5326.65311,5327.30243,5594.84494,5310.57908,5316.02149,5293.69835,5326.59381,-0.40679,-0.30623,5329.39619,5291.76228,64.73978,54.37718,57.83138,5157.01824,5326.90586,5496.79348,6.0,0.0,5302.50815,5367.81059,5683.95753,5357.75324,5334.55732,5184.65499,5270.83555,-30.984,27.301,11.809,23.13923,22.45338,27.97163,-190.3559,-123.16265,4080529.34381,33.333,37.5,-3.48265,-2.2446,46.294,49.382,40.756,5156.4803,5345.05965,5533.639,0.03231,0.22042,61.81002,51.566,79.529,5442.98581,5229.53538,5627.28587,4891.00547
000905.SH,20240409,5294.4743,5342.8982,5284.9557,5342.8982,5298.5912,44.307,0.8362,113300745.0,133262737.28,-5075.42555,-1252.63994,83.11565,5346.69922,-0.085,0.344,-0.482,5190.549,5376.089,5561.63,102.76808,87.79114,-24.93021,89.43161,117.33224,189.88854,28.76301,23.66782,34.24913,13.16458,0.0,1.0,-37.51348,2.17767,5338.02653,5332.7582,5597.41018,5313.00021,5336.29589,5294.31617,5327.7426,-0.35768,-0.28488,5339.20046,5292.42716,82.29003,52.65007,62.53006,5159.67714,5331.34978,5503.02242,0.0,1.0,5304.43551,5376.08949,5687.97533,5355.08629,5359.70776,5184.76163,5274.69685,-25.86,31.174,18.244,22.9246,22.15074,27.43502,-150.5158,-112.92857,4092320.20561,33.333,38.889,-2.73993,-2.06104,51.256,51.81,50.76,5156.4803,5345.05965,5533.639,0.04535,0.23481,72.59298,24.121,31.033,5462.59651,5248.37704,5627.00335,4890.75992
000905.SH,20240408,5358.9565,5383.6587,5297.559,5298.5912,5374.5954,-76.0042,-1.4141,148588559.0,161260958.59,-3403.66344,-107.87035,84.87756,5348.15074,-0.545,-0.722,-1.342,5191.101,5376.424,5561.748,117.81484,96.91898,-30.89728,92.63324,127.01778,206.84698,25.44577,22.85491,32.6628,19.22557,3.0,0.0,-72.47777,-2.1815,5336.94394,5331.69083,5599.45445,5310.93828,5332.99474,5292.66933,5327.40203,-0.25887,-0.25863,5338.52814,5290.36712,72.14732,47.71008,55.85583,5150.13896,5332.16722,5514.19548,3.0,0.0,5308.60225,5376.42433,5691.85013,5350.24673,5348.36036,5184.96869,5277.25241,-30.159,34.406,19.327,22.67768,21.86286,35.59991,-179.6336,-121.16132,4080990.13111,33.333,38.889,-3.27905,-2.2187,47.891,50.27,43.114,5156.4803,5345.05965,5533.639,0.056,0.24799,74.97277,53.719,42.156,5450.19863,5236.46535,5626.19897,4890.06079
000905.SH,20240403,5373.5021,5386.3422,5350.1601,5374.5954,5381.2291,-6.6337,-0.1233,133628053.0,154114398.17,-2242.65325,1609.73604,85.94047,5354.26696,1.332,0.421,0.01,5188.026,5375.36,5562.693,115.06132,98.65361,-0.71282,94.97664,148.48256,222.54564,25.40937,23.3352,27.75412,19.79445,2.0,0.0,18.00071,-9.53896,5345.46677,5335.175,5601.87102,5311.7898,5350.1965,5292.46858,5328.04946,-0.2145,-0.23167,5345.7894,5290.03144,77.31074,43.63721,54.86172,5155.29955,5332.75293,5510.20631,2.0,0.0,5325.32599,5375.35971,5695.89616,5346.17179,5333.40332,5186.68208,5281.05789,-26.474,38.176,24.939,22.36744,21.62037,43.33824,-153.8516,-138.61683,4095848.98701,33.333,37.5,-2.78291,-2.54325,53.722,53.057,55.416,5156.4803,5345.05965,5533.639,0.06944,0.26017,72.99841,39.576,11.22,5429.91748,5216.97954,5625.73651,4889.65883
000905.SH,20240402,5395.4811,5402.1597,5353.3119,5381.2291,5401.2249,-19.9958,-0.3702,132148642.0,155779915.09,258.94538,3724.39105,89.70832,5346.03915,1.745,0.304,0.155,5186.477,5374.135,5561.793,126.96861,107.13073,4.616,96.27864,164.04837,234.3414,25.35039,25.47428,29.21371,18.83356,1.0,0.0,42.35325,-5.61027,5338.99374,5331.02548,5603.69653,5307.45838,5337.99705,5289.68462,5327.00349,-0.24055,-0.19464,5340.55195,5286.57985,64.27789,38.02495,46.77593,5149.88133,5328.79367,5507.70601,1.0,0.0,5337.20785,5374.13502,5699.62081,5338.31985,5289.82104,5187.26308,5284.22652,-34.968,41.485,24.001,22.00232,21.45358,43.36376,-72.9172,-123.8376,4109211.79231,41.667,37.5,-1.33691,-2.28249,54.251,53.305,56.59,5156.4803,5345.05965,5533.639,0.08143,0.27098,85.34355,37.739,8.519,5392.53725,5181.0652,5625.64484,4889.57916
000905.SH,20240401,5309.8325,5401.7799,5309.8325,5401.2249,5286.1612,115.0637,2.1767,136734854.0,166553105.41,-134.34886,5242.04109,90.20842,5330.46869,2.402,0.563,0.681,5184.792,5372.665,5560.538,133.13024,112.97843,-4.1096,91.911,177.50661,243.31537,23.9566,26.99185,28.72068,18.48512,0.0,3.0,79.21241,4.0097,5329.60811,5325.74089,5605.48342,5302.37074,5316.38103,5286.58142,5325.78493,-0.26166,-0.14936,5333.1561,5282.71661,49.80071,33.64946,39.03321,5143.07216,5323.5193,5503.96644,0.0,6.0,5346.90742,5372.6649,5703.17485,5330.3108,5270.45898,5188.06308,5287.00646,-48.153,45.856,21.78,21.60902,21.38584,36.13139,8.2982,-108.77682,4122426.65651,50.0,37.5,0.15387,-2.00456,55.766,54.032,59.772,5156.4803,5345.05965,5533.639,0.09875,0.2798,84.81804,35.108,0.226,5372.52907,5161.84166,5625.5131,4889.46465
000905.SH,20240329,5220.5524,5287.0376,5211.1946,5286.1612,5223.806,62.3552,1.1937,109047149.0,126574031.38,-1467.74446,6569.73761,88.13541,5309.0682,0.274,-1.566,-1.392,5184.471,5372.045,5559.618,117.56116,100.40357,-90.5673,78.51375,194.12976,249.77752,20.43605,29.01313,29.37062,11.94252,0.0,2.0,-16.50913,29.7716,5313.69326,5317.79521,5607.12405,5295.55322,5273.9591,5282.6952,5324.08965,-0.36497,-0.10416,5320.77996,5277.87954,12.03317,30.95759,24.64945,5146.3435,5318.52704,5490.71058,0.0,3.0,5359.62963,5372.04466,5706.50867,5321.65676,5249.16326,5187.75594,5289.31908,-70.568,51.876,16.592,21.32339,21.44071,36.54533,-128.9514,-104.41585,4108753.17111,41.667,36.111,-2.38132,-1.92285,48.121,50.292,44.92,5156.4803,5345.05965,5533.639,0.12433,0.28593,84.7418,65.616,57.767,5360.78199,5150.55525,5625.34543,4889.31893
000905.SH,20240328,5156.4803,5276.6382,5156.4803,5223.806,5156.684,67.122,1.3017,116318192.0,140612607.11,-1993.68233,7801.59087,87.65452,5320.25672,-1.469,-2.922,-2.486,5193.298,5376.689,5560.08,115.58663,98.33465,-149.7726,82.68285,212.17423,253.47239,18.57264,30.46284,28.70982,17.38598,0.0,1.0,-63.66845,90.62145,5319.8115,5321.1251,5609.70206,5296.20094,5267.85805,5282.57771,5324.94198,-0.31836,-0.04247,5327.07428,5277.54151,-8.87625,34.11166,19.78236,5147.60791,5324.53363,5501.45935,0.0,1.0,5376.42814,5376.68901,5710.00544,5317.12568,5268.84414,5187.74542,5293.52414,-78.506,60.697,21.444,21.19732,21.61835,37.80511,-199.9123,-63.92365,4097848.45621,33.333,36.111,-3.68589,-1.17094,43.248,48.099,33.899,5156.4803,5345.05965,5533.639,0.16374,0.28852,85.13436,82.149,81.349,5387.21148,5175.94829,5624.73404,4888.78753
000905.SH,20240327,5280.7332,5282.6954,5156.684,5156.684,5284.4188,-127.7348,-2.4172,110107142.0,129828707.61,-1219.83838,8697.28816,91.42758,5343.10425,-3.552,-4.465,-3.72,5212.589,5382.838,5553.088,115.63485,92.91008,-203.02796,80.49157,230.40085,254.94907,20.26404,33.38084,30.05247,17.77207,5.0,0.0,-116.62254,168.76475,5341.14605,5331.36922,5612.80163,5301.1937,5289.88407,5284.56997,5327.2147,-0.33266,0.00963,5345.85033,5279.7348,-20.30816,41.27631,20.74815,5163.66652,5335.64508,5507.62364,24.0,0.0,5393.34021,5382.83835,5713.84295,5313.31776,5317.24866,5188.32006,5298.04356,-73.672,70.51,33.674,21.22275,21.89507,38.05144,-284.3667,-13.1726,4086216.63701,25.0,37.5,-5.22632,-0.23313,37.45,45.624,19.44,5154.1487,5343.89385,5533.639,0.20961,0.28669,73.35913,100.0,100.0,5439.36483,5226.0564,5625.79122,4889.70638
000905.SH,20240326,5291.5227,5318.8757,5237.8993,5284.4188,5294.7463,-10.3275,-0.1951,116468112.0,145296216.68,1107.86971,9248.06259,95.00445,5381.75827,-2.144,-2.526,-1.35,5220.952,5384.207,5547.461,128.80151,97.96726,-150.71929,96.35088,255.76433,254.41103,21.26104,36.66293,25.15986,18.07526,4.0,0.0,41.57283,257.66146,5382.13762,5349.75714,5616.46522,5311.15988,5356.48411,5288.90509,5331.04685,-0.21469,0.06627,5380.24421,5284.75728,-9.71409,51.54039,31.12223,5189.67061,5350.06163,5510.45265,12.0,0.0,5419.18307,5384.20651,5717.77954,5301.62501,5384.59466,5190.9649,5303.03117,-48.181,79.719,55.628,21.36666,22.24226,37.41887,-65.1762,50.75128,4097227.35121,33.333,40.278,-1.21834,0.94522,45.571,49.969,29.766,5154.1487,5343.89385,5533.639,0.25517,0.28006,72.95414,84.27,84.27,5500.00791,5284.32133,5629.84841,4893.23273
000905.SH,20240325,5369.7761,5401.5975,5292.6372,5294.7463,5384.5656,-89.8193,-1.6681,130778254.0,156251665.73,1644.14175,9351.48707,98.30193,5408.69375,-2.686,-2.434,-1.045,5224.682,5385.376,5546.069,116.15845,100.46462,-107.70555,111.75149,272.02866,249.22547,25.59817,40.12711,23.004,17.6243,3.0,0.0,100.07307,332.09525,5403.85291,5356.63486,5619.13226,5313.00409,5392.51676,5289.05717,5332.09467,-0.12143,0.1138,5397.66701,5284.7711,-7.04373,61.74947,38.8184,5195.56893,5357.39465,5519.22037,11.0,0.0,5433.11302,5385.37578,5721.54043,5274.15316,5423.35586,5191.41942,5306.23874,-31.813,85.742,69.835,21.5959,22.61579,37.29936,17.4475,91.88967,4108874.16241,41.667,43.056,0.33061,1.71451,46.315,50.341,30.871,5154.1487,5343.89385,5533.639,0.28888,0.2687,71.36705,99.125,99.125,5542.92917,5325.55939,5629.37191,4892.81857
000905.SH,20240322,5454.4143,5463.5407,5356.108,5384.5656,5465.8286,-81.263,-1.4867,137096029.0,163185963.75,6372.27043,9400.65881,97.47447,5430.28654,-1.516,-0.752,0.754,5203.51,5380.412,5557.314,141.96875,127.96204,-16.24757,134.27269,286.91661,241.47838,30.02711,42.61001,18.58283,18.37601,2.0,0.0,233.7838,387.40994,5428.09883,5363.14944,5621.73777,5314.26325,5441.40199,5288.86431,5332.93396,-0.01624,0.15062,5416.37987,5284.36395,26.9401,73.21501,57.79004,5199.52412,5360.31406,5521.104,9.0,0.0,5447.74346,5380.41168,5725.11903,5249.76902,5470.096,5192.15302,5309.54219,-7.634,89.718,85.901,21.93822,22.98372,37.09368,34.464,133.99828,4121951.98781,41.667,44.444,0.64417,2.52778,53.249,53.666,42.231,5154.1487,5343.89385,5533.639,0.31542,0.25256,86.6726,76.692,83.97,5581.74827,5362.85619,5628.93582,4892.43954
000905.SH,20240321,5505.6985,5517.4566,5454.2313,5465.8286,5493.414,-27.5854,-0.5022,129489458.0,159252387.8,13772.40037,8996.08991,95.94562,5435.38618,-0.055,0.799,2.469,5177.116,5371.069,5565.022,183.38072,168.39908,88.90265,153.09508,284.00443,229.99122,37.59021,48.09054,10.55038,20.03259,1.0,0.0,348.59001,412.78516,5437.77288,5360.89511,5623.64277,5309.41482,5469.82019,5285.6202,5331.7737,0.11881,0.17825,5422.16428,5280.27408,71.38811,80.92749,77.7477,5198.50674,5355.98872,5513.4707,3.0,0.0,5444.2464,5371.06897,5728.56078,5226.2412,5484.01214,5190.89837,5312.02498,10.68,90.672,96.013,22.38926,23.33488,44.42534,114.0018,142.44135,4135661.59071,41.667,44.444,2.13015,2.6877,60.797,56.927,58.448,5118.568,5326.1035,5533.639,0.33007,0.23207,105.18873,25.578,37.357,5588.553,5369.39406,5628.52106,4892.07905
000905.SH,20240320,5469.606,5499.2382,5455.7613,5493.414,5478.2248,15.1892,0.2773,126273262.0,157036230.42,18903.89693,7938.05979,96.1315,5432.4976,0.605,1.486,3.24,5150.276,5356.595,5562.913,231.91067,195.81641,108.53679,150.60187,266.44012,217.35705,42.35304,52.3746,10.52268,21.7131,0.0,1.0,405.19137,426.16609,5431.53828,5349.84948,5624.91035,5298.62766,5471.81598,5279.51144,5328.76123,0.16694,0.17772,5414.22531,5272.70043,87.15855,82.51738,84.06444,5176.71354,5343.02204,5509.33054,0.0,1.0,5425.39342,5356.5947,5731.51706,5200.6129,5469.43176,5189.46578,5313.63909,19.821,89.337,99.248,22.85765,23.66015,51.511,104.594,160.04912,4148610.53651,41.667,45.833,1.94094,3.03729,63.603,58.075,65.57,5117.6799,5325.65945,5533.639,0.33563,0.20754,122.97003,15.173,22.16,5572.34364,5353.82036,5624.14608,4888.2765
000905.SH,20240319,5514.55,5533.639,5477.1172,5478.2248,5528.447,-50.2222,-0.9084,146777240.0,176661748.33,15435.44578,6395.90747,102.86046,5419.71256,0.541,1.368,3.265,5122.003,5338.876,5555.749,190.9099,159.90297,140.36482,165.32341,253.78805,205.26461,46.49763,56.6157,9.94584,19.16108,1.0,0.0,416.75771,434.20029,5417.78811,5334.73742,5625.96655,5285.19412,5461.01697,5272.26051,5325.06116,0.14517,0.16423,5399.82737,5263.69171,87.56173,81.74386,83.68315,5148.38718,5328.3081,5508.22902,1.0,0.0,5411.06218,5338.87586,5734.68721,5177.99879,5453.77148,5187.66338,5314.87962,24.53,86.86,99.125,23.30587,23.97548,58.76782,99.1766,180.28458,4135983.21031,41.667,47.222,1.84376,3.4385,62.735,57.624,63.531,5074.8224,5304.2307,5533.639,0.33692,0.17931,105.63087,20.902,30.528,5558.94314,5340.94537,5617.88981,4882.83881
000905.SH,20240318,5472.3147,5528.447,5459.5453,5528.447,5454.1463,74.3007,1.3623,159862638.0,190794115.13,13142.61629,4609.02508,103.97619,5404.77344,1.578,2.454,4.765,5098.748,5322.012,5545.277,163.76985,142.9019,176.0528,153.61486,242.12817,192.2564,52.06483,59.32988,8.95797,22.15094,0.0,2.0,488.17556,447.58573,5404.35774,5319.63349,5627.15323,5271.88166,5452.41305,5265.27867,5321.61928,0.19027,0.18788,5385.57329,5254.93526,96.37934,80.77421,85.97592,5130.23538,5310.6219,5491.00842,0.0,61.0,5398.42238,5322.01249,5737.98038,5159.65509,5442.87018,5187.18941,5315.23665,30.558,83.794,99.072,23.60786,24.27865,57.37657,181.6541,207.87308,4150660.93431,50.0,50.0,3.39744,3.98351,67.623,59.657,75.921,5072.8837,5300.66535,5528.447,0.3363,0.14756,106.14764,0.0,0.0,5545.61485,5328.13976,5610.70021,4876.5899
000905.SH,20240315,5380.019,5456.7336,5357.1797,5454.1463,5392.9267,61.2196,1.1352,136405030.0,158718756.62,10850.78814,3092.65241,107.77999,5379.25674,0.765,1.362,4.236,5087.41,5302.67,5517.931,164.16912,137.03386,95.47331,122.03672,231.07848,178.10956,54.65605,59.30438,8.52708,19.8091,0.0,1.0,431.9612,435.30085,5376.78235,5297.65312,5627.94605,5254.18749,5414.39608,5256.35771,5316.97147,0.15047,0.25587,5359.59625,5243.77151,80.54492,78.17336,78.96388,5109.75246,5290.11054,5470.46862,0.0,58.0,5384.45968,5302.67033,5741.00378,5142.94329,5425.39092,5186.53741,5314.47003,24.954,79.974,92.451,23.80343,24.58826,56.78178,270.0992,212.69037,4134674.67051,50.0,51.389,5.2102,4.10014,63.798,57.532,68.299,5072.8837,5273.0869,5473.2901,0.33296,0.11244,92.28978,9.349,9.349,5526.21026,5309.49614,5599.46674,4866.82623
000905.SH,20240314,5415.1499,5447.5416,5352.1195,5392.9267,5415.1126,-22.1859,-0.4097,131887357.0,157337167.78,6963.29055,1642.27707,115.68509,5359.92639,0.179,0.645,3.803,5074.233,5287.474,5500.716,154.28407,127.32199,71.34272,158.43882,226.94099,162.39451,55.19291,59.25559,8.56761,23.12801,3.0,0.0,386.03512,421.42527,5359.59036,5281.18015,5629.34203,5240.39723,5394.52096,5249.65301,5313.88889,0.17713,0.37459,5342.40533,5235.18479,63.80531,77.7781,73.1205,5102.46284,5276.15518,5449.84752,3.0,0.0,5376.94987,5287.47445,5744.76807,5130.24435,5404.48066,5187.42685,5315.09026,26.731,76.855,90.22,24.0452,24.93277,56.82165,85.1224,190.39738,4121034.16751,41.667,51.389,1.60372,3.67378,60.251,55.69,59.496,5072.8837,5273.0869,5473.2901,0.33351,0.0744,80.63094,39.248,39.248,5506.17869,5290.25012,5593.62301,4861.74711
000905.SH,20240313,5430.0437,5459.3222,5389.5251,5415.1126,5423.7183,-8.6057,-0.1587,129746301.0,164526330.86,4287.90591,238.2601,126.15912,5356.83698,0.725,1.193,4.83,5052.455,5273.307,5494.158,152.33103,122.21697,103.62954,217.218,225.02047,144.54809,58.59086,57.57895,6.14493,24.26186,2.0,0.0,428.87562,428.29453,5352.18228,5269.41736,5631.24095,5229.87796,5395.3181,5244.79628,5312.11276,0.2131,0.45648,5333.21963,5228.74634,77.69973,80.10689,79.3045,5069.64721,5263.37895,5457.11069,2.0,0.0,5372.33649,5273.30654,5748.75764,5114.93682,5381.35508,5190.31437,5316.59372,37.561,73.513,92.294,24.34089,25.3083,63.42722,219.6484,210.95997,4134222.90321,50.0,52.778,4.2277,4.08235,62.278,56.542,64.942,4813.2326,5143.26135,5473.2901,0.33386,0.03399,81.8699,18.229,28.412,5487.36166,5272.17101,5589.90477,4858.51536
000905.SH,20240312,5445.8776,5473.2901,5385.1402,5423.7183,5441.0507,-17.3324,-0.3185,147072536.0,178848761.38,2142.11455,-1072.30392,143.25974,5336.54913,1.083,1.702,5.609,4951.752,5242.846,5533.94,145.63311,117.22569,118.47155,254.66876,203.90868,124.08271,62.39615,53.81714,6.15676,24.30854,1.0,0.0,453.39652,427.88325,5338.19777,5254.08102,5632.97692,5217.10315,5385.42085,5239.02284,5309.79816,0.20991,0.49587,5318.32999,5221.13956,88.47279,80.50809,83.16299,5027.12683,5246.75359,5466.38035,1.0,0.0,5349.22994,5242.84598,5752.62612,5096.6245,5368.35288,5192.81005,5318.05234,45.042,68.818,91.339,24.74961,25.71718,69.71551,226.0068,207.95157,4147197.53331,50.0,52.778,4.3482,4.03012,63.032,56.865,66.923,4405.3085,4939.2993,5473.2901,0.32878,-0.00741,82.37561,15.533,24.21,5473.1109,5258.4791,5584.06939,4853.44349
000905.SH,20240311,5342.1778,5443.0421,5339.2607,5441.0507,5349.595,91.4557,1.7096,142981732.0,173588864.75,2135.85911,-2145.02722,154.69329,5306.14174,1.516,2.388,6.472,4757.184,5194.673,5632.163,147.24991,115.72148,115.57171,191.44845,194.55784,101.18544,66.73377,49.34017,5.80496,27.42621,0.0,2.0,497.0704,429.11452,5319.19321,5236.22446,5634.65771,5202.85383,5366.27212,5232.76198,5307.23815,0.23249,0.53014,5299.16848,5212.87104,89.17146,79.18064,82.51091,4996.35798,5227.73998,5459.12198,0.0,53.0,5337.63854,5194.67324,5756.53981,5075.19972,5353.97458,5194.04791,5318.81133,49.456,63.188,87.916,25.1249,26.15309,69.65713,264.7076,216.82568,4161904.78691,58.333,54.167,5.1138,4.2163,64.473,57.5,70.533,4281.2399,4862.141,5443.0421,0.31994,-0.04762,83.58164,0.689,1.141,5458.35866,5244.30537,5576.10973,4846.52528
000905.SH,20240308,5282.4077,5361.7104,5268.5296,5349.595,5277.2988,72.2962,1.3699,121467978.0,144003562.01,2326.5815,-3416.29081,163.92881,5279.49162,0.003,1.087,5.122,4649.486,5150.782,5652.077,148.22978,117.49202,56.90099,150.46915,172.04496,70.36747,66.59493,44.39959,6.01971,22.6158,0.0,1.0,414.46625,420.90007,5292.11377,5214.6638,5636.21279,5186.42646,5328.88283,5225.70134,5304.23113,0.11398,0.53823,5273.37172,5203.55758,67.30209,77.5155,74.11103,4979.67998,5208.78792,5437.89586,0.0,1.0,5313.07989,5150.78181,5760.20575,5061.11247,5343.52844,5194.71599,5318.34336,46.995,57.006,80.503,25.46554,26.58521,63.24271,210.5578,268.23223,4147606.61371,58.333,54.167,4.09722,5.35165,60.056,54.958,61.37,4281.2399,4843.36535,5405.4908,0.30896,-0.0853,83.06182,22.239,40.811,5450.16411,5236.43219,5565.16513,4837.01268
000905.SH,20240307,5354.3337,5384.6567,5277.2988,5277.2988,5350.1016,-72.8028,-1.3608,139831342.0,157442183.15,3192.09912,-4611.70309,166.32259,5266.78842,-1.34,0.053,3.976,4584.831,5117.239,5649.646,137.76421,111.6222,53.97758,142.60029,157.66278,34.90702,63.95272,40.63145,8.68588,21.81021,3.0,0.0,348.70773,420.46347,5279.34016,5200.46052,5638.51494,5175.17346,5318.52674,5221.50156,5303.21172,0.04558,0.53685,5259.51294,5197.59687,58.42257,79.21774,72.28601,4970.08494,5196.38542,5422.6859,5.0,0.0,5297.89154,5117.2386,5764.03619,5051.69123,5349.41908,5196.91981,5318.63673,56.102,51.131,79.182,25.87048,27.03753,56.00548,136.3413,380.89417,4135459.81591,50.0,54.167,2.65206,7.98148,56.101,52.82,51.419,4281.2399,4843.36535,5405.4908,0.29975,-0.1208,82.69938,44.678,51.003,5457.20257,5243.19463,5559.35884,4831.9661
000905.SH,20240306,5332.8328,5405.4908,5293.9518,5350.1016,5351.8268,-1.7252,-0.0322,121099564.0,146843351.59,3482.3738,-5991.47079,168.0276,5262.10193,0.312,1.652,5.587,4531.186,5088.223,5645.259,145.6669,116.58136,94.04113,132.08719,145.51572,-4.87323,63.31826,37.90264,6.99411,34.54588,2.0,0.0,427.25071,403.45807,5279.79379,5192.37228,5641.41628,5168.13034,5339.14071,5219.61013,5303.79403,0.358,0.53119,5256.27915,5194.34373,86.42436,82.6836,83.93052,4965.8838,5184.10128,5402.31876,3.0,0.0,5287.79597,5088.22264,5768.29037,5044.49925,5363.3179,5199.97164,5319.46688,79.175,44.119,83.706,26.29835,27.49722,64.25524,208.4979,461.64145,4149442.95011,50.0,54.167,4.05511,9.80696,61.744,55.356,65.599,4281.2399,4843.36535,5405.4908,0.28556,-0.15466,93.96557,19.245,22.037,5456.23098,5242.26114,5556.04754,4829.08805
000905.SH,20240305,5358.2206,5382.9834,5329.9702,5351.8268,5388.82,-36.9932,-0.6865,140816479.0,174282675.0,-2433.37813,-7551.65863,168.91326,5251.71917,0.478,2.021,5.984,4505.912,5061.467,5617.022,125.35214,102.80438,111.71504,121.32505,123.70591,-48.80055,56.56705,33.10943,4.45265,46.18483,1.0,0.0,426.40789,390.86545,5264.16984,5175.76919,5643.75615,5155.58059,5333.66027,5215.18669,5302.75341,0.80214,0.4949,5239.22052,5187.98627,92.52391,82.06014,85.54806,4935.13335,5166.65425,5398.17515,2.0,0.0,5266.68953,5061.4671,5772.33124,5039.17578,5330.107,5203.45442,5318.8028,93.256,34.222,80.85,26.79421,27.95563,71.42795,201.598,531.73738,4161552.90651,50.0,54.167,3.91435,11.37201,61.879,55.416,65.959,4281.2399,4840.6813,5400.1227,0.25788,-0.18688,94.52828,14.847,19.635,5432.55754,5219.51606,5546.90836,4821.14465
000905.SH,20240304,5386.9441,5400.1227,5325.9642,5388.82,5379.0482,9.7718,0.1817,143928469.0,175906403.37,-2021.11043,-8874.46212,172.08054,5235.2857,1.67,3.057,7.147,4498.469,5040.271,5582.074,124.63259,103.93741,124.4989,116.20476,100.65978,-94.62742,45.23812,26.45085,3.77004,48.61903,0.0,3.0,460.78419,353.79465,5244.69051,5157.23681,5646.10097,5142.04637,5324.57701,5210.55482,5301.65064,1.21902,0.43124,5218.74665,5181.2989,99.98296,80.31618,86.87177,4911.31787,5146.83609,5382.35431,0.0,36.0,5245.6026,5040.27144,5776.42421,5033.89141,5321.3025,5207.03845,5319.60111,106.575,22.565,75.852,27.36507,28.39306,78.10307,279.2515,581.21848,4175634.55441,58.333,52.778,5.46527,12.48843,64.663,56.687,73.113,4281.2399,4840.6813,5400.1227,0.22139,-0.21733,97.73173,3.454,4.595,5415.60941,5203.23258,5535.88867,4811.56679
000905.SH,20240301,5350.8566,5387.7839,5321.5587,5379.0482,5346.7929,32.2553,0.6033,142298395.0,171103270.1,-3652.96524,-10356.82948,172.18042,5199.91911,2.099,3.33,7.494,4504.518,5022.185,5539.852,122.79432,99.40756,102.0717,119.76515,73.92802,-141.13193,31.94658,20.71099,9.47411,43.49844,0.0,2.0,447.78367,305.38027,5212.66174,5132.85963,5648.16748,5125.0275,5292.45551,5204.51193,5299.69177,0.91412,0.32305,5187.82422,5172.82865,92.05802,77.03838,82.04493,4872.4111,5123.17298,5373.93486,0.0,35.0,5220.88097,5022.1851,5780.40263,5027.80334,5282.63134,5209.64229,5320.43675,110.722,9.243,64.604,27.71758,28.76965,71.61785,573.1469,598.46335,4161241.70751,58.333,50.0,11.9259,12.9023,64.273,56.434,72.455,4281.2399,4834.5119,5387.7839,0.17609,-0.24592,96.36326,2.774,3.245,5380.1906,5169.20273,5519.46823,4797.29482
000905.SH,20240229,5154.1487,5349.7678,5154.1487,5346.7929,5184.0471,162.7458,3.1394,160790165.0,178975999.91,-7076.87921,-11732.66194,177.04592,5169.77214,2.141,3.661,7.171,4514.862,5006.892,5498.921,115.62566,93.20408,73.90799,125.00194,48.47679,-186.91526,22.20426,19.15673,15.73934,38.63086,0.0,1.0,411.84665,249.93298,5175.68697,5106.94505,5650.32908,5107.50883,5249.15916,5198.59545,5297.90848,0.56759,0.23591,5153.05623,5164.41152,74.29313,74.53511,74.45445,4808.9014,5097.9494,5386.9974,0.0,33.0,5197.99903,5006.89159,5784.27071,5022.63051,5246.364,5212.54707,5322.05398,109.799,-4.598,50.302,28.17947,29.10341,65.74776,886.5294,544.34377,4147011.86801,58.333,45.833,19.87617,11.75487,63.042,55.614,70.468,4281.2399,4832.2796,5383.3193,0.12704,-0.2722,84.99133,11.766,13.75,5341.64804,5132.17164,5502.0696,4782.17264
000905.SH,20240228,5311.4253,5383.3193,5184.0471,5184.0471,5307.8043,-123.7572,-2.3316,202560985.0,214135426.95,-8817.73423,-13025.03642,175.99681,5124.87191,-0.308,1.966,4.152,4518.956,4986.237,5453.518,103.93044,85.34271,69.74645,128.50806,20.36665,-231.7302,17.31018,21.50776,17.20069,39.40788,1.0,0.0,246.67535,188.38742,5137.66342,5081.6979,5652.76712,5091.00648,5200.34229,5193.57181,5296.80996,0.51834,0.14249,5117.83138,5156.96739,53.54342,74.57544,67.56477,4767.50567,5078.41041,5389.31515,3.0,0.0,5174.27659,4986.23699,5787.83316,5016.34003,5212.27404,5216.62545,5324.81564,105.846,-18.322,34.6,28.62864,29.36057,59.99479,620.825,415.2462,4130932.85151,50.0,40.278,13.60497,8.81331,56.033,51.17,57.612,4281.2399,4832.2796,5383.3193,0.07706,-0.29556,73.43108,34.955,64.595,5313.97985,5105.58849,5488.48282,4770.36357
000905.SH,20240227,5174.8194,5307.8043,5160.8782,5307.8043,5195.4642,112.3401,2.1623,138971751.0,157201596.73,-8585.11843,-14647.88417,174.11028,5107.30256,2.213,5.474,6.748,4509.435,4970.322,5431.208,108.44576,86.7982,78.51528,120.325,-25.06406,-276.45665,12.48702,23.8974,22.06344,37.42167,0.0,1.0,351.69497,149.73659,5127.35594,5070.92431,5656.53194,5084.58989,5208.48989,5193.89468,5299.34395,0.30535,0.02995,5105.79215,5155.86209,94.16663,78.08078,83.44273,4706.88658,5060.29876,5413.71094,0.0,31.0,5136.46201,4970.32178,5792.25488,5016.22689,5203.27206,5222.99978,5329.22252,124.359,-31.553,30.626,29.04881,29.52217,62.77935,629.0735,323.07197,4151188.95001,50.0,36.111,13.44539,6.76848,64.569,55.198,79.56,4281.2399,4824.2321,5367.2243,0.02789,-0.31511,78.47429,6.177,0.0,5297.1659,5089.43391,5485.42849,4767.70887
000905.SH,20240226,5194.737,5255.3615,5162.9504,5195.4642,5197.7115,-2.2473,-0.0432,144018944.0,152600869.38,-10576.77683,-16704.05369,180.00413,5069.73136,0.586,4.328,4.592,4503.489,4943.98,5384.471,104.66058,84.18468,74.13566,100.24533,-113.62185,-317.56282,9.65182,27.03685,26.6787,35.68389,1.0,0.0,203.98306,89.51257,5087.25631,5045.98957,5659.33297,5069.19579,5158.83269,5190.03333,5299.15383,0.10151,-0.13186,5069.06267,5149.66037,90.78136,75.3998,80.52699,4652.0097,5039.40084,5426.79198,1.0,0.0,5051.70793,4943.98031,5796.56106,5011.55674,5169.9027,5227.37671,5332.84006,119.212,-47.098,12.508,29.41877,29.58912,57.18925,498.4846,252.87685,4137291.77491,41.667,33.333,10.61288,5.22991,59.426,51.904,71.285,4281.2399,4824.2321,5367.2243,-0.03378,-0.33054,68.26205,15.816,32.824,5267.69952,5061.12306,5472.93863,4756.8532
000905.SH,20240223,5190.6466,5197.7115,5118.568,5197.7115,5176.3431,21.3684,0.4128,135265004.0,145442447.18,-9627.54131,-18021.16953,178.85975,5050.54632,0.777,5.251,4.639,4508.305,4935.129,5361.953,107.57485,86.30277,74.03261,99.36958,-182.55949,-348.82641,7.66359,30.72151,29.45759,33.12377,0.0,2.0,170.29791,52.38051,5063.21011,5030.2554,5663.05882,5060.48762,5140.51693,5189.84924,5301.48394,-0.00533,-0.3281,5046.08058,5147.79083,93.48309,72.83621,79.7185,4595.405,5022.0123,5448.6196,0.0,23.0,4988.48372,4935.12876,5801.36806,5014.43697,5159.1306,5234.50213,5338.13092,125.277,-62.0,0.639,29.62462,29.54294,50.74416,382.7207,217.21038,4151693.66931,41.667,33.333,7.94852,4.43555,59.584,51.978,71.769,4281.2399,4824.2321,5367.2243,-0.09439,-0.3413,78.41671,15.609,57.591,5256.16669,5050.0425,5468.1858,4752.72224
000905.SH,20240222,5133.5478,5184.6228,5117.6799,5176.3431,5139.0372,37.3059,0.7259,116614806.0,127546517.89,-10605.57786,-19205.02873,182.12997,5032.53643,0.649,5.5,4.201,4514.232,4928.591,5342.95,110.71804,86.56928,76.0132,91.11633,-240.13981,-370.76366,9.4754,34.32131,29.49063,33.10634,0.0,1.0,115.09997,12.31633,5033.32091,5012.62844,5666.79655,5051.02391,5111.91965,5189.58272,5303.8159,0.03141,-0.48581,5018.51132,5145.75325,93.35685,69.39506,77.38232,4567.30473,5006.29461,5445.28449,0.0,20.0,4936.58565,4928.59108,5806.11252,5019.69064,5149.63406,5240.75525,5342.93178,125.821,-77.659,-14.749,29.72014,29.39152,50.20529,248.4294,208.18922,4138167.16891,33.333,33.333,5.04127,4.25628,58.622,51.352,70.162,4281.2399,4824.2321,5367.2243,-0.16052,-0.34825,68.2355,17.577,34.456,5260.54064,5054.24492,5463.35476,4748.52329
000905.SH,20240221,5101.4113,5252.8785,5074.8224,5139.0372,5140.9575,-1.9203,-0.0374,150872501.0,155561259.42,-12119.50465,-20279.53911,185.22573,5007.59575,1.138,5.183,3.409,4519.341,4922.851,5326.361,109.96711,87.14954,81.12386,86.89361,-293.75747,-384.84895,16.1092,37.55496,28.45876,36.76771,3.0,0.0,42.5733,-71.86425,5001.5382,4995.39532,5670.73594,5042.38121,5079.70792,5190.03152,5306.68046,0.2292,-0.61991,4989.81463,5144.50468,93.78278,65.40143,74.86188,4536.26969,4990.16261,5444.05553,3.0,0.0,4888.6493,4922.8509,5810.74416,5027.19237,5136.27914,5248.50093,5347.97654,122.776,-93.387,-31.999,29.72243,29.16407,50.51362,111.944,131.36233,4126505.68831,25.0,33.333,2.22681,2.71024,56.982,50.268,67.469,4281.2399,4824.2321,5367.2243,-0.22907,-0.35126,66.21743,21.012,23.722,5234.43806,5029.16598,5459.58037,4745.24275
000905.SH,20240220,5107.5677,5151.7201,5072.8837,5140.9575,5141.6037,-0.6462,-0.0126,121646379.0,133242205.64,-15661.41305,-20897.17816,180.62298,4978.55598,3.48,5.424,3.431,4515.83,4925.419,5335.008,98.58478,80.39617,83.09854,80.16061,-334.56273,-391.81508,25.70534,39.855,28.49406,35.03104,2.0,0.0,14.77037,-205.31028,4970.98287,4980.27512,5675.00661,5035.71528,5050.04328,5191.76014,5310.44773,0.24524,-0.76088,4962.68325,5144.72784,97.05407,60.67121,72.79883,4528.6182,4972.75032,5416.88244,2.0,0.0,4856.24466,4925.41891,5815.60626,5036.20631,5069.65196,5257.17986,5353.74372,117.963,-108.734,-49.752,29.59823,28.88648,49.40323,67.7796,11.58927,4141592.93841,25.0,33.333,1.33604,0.34351,57.089,50.323,67.732,4281.2399,4824.2321,5367.2243,-0.29798,-0.35033,68.67221,20.835,20.835,5144.0892,4942.36021,5457.67198,4743.58406
000905.SH,20240219,5225.1379,5225.1379,5074.7611,5141.6037,5150.2288,-8.6251,-0.1675,162949893.0,172805832.9,-16844.78398,-20827.31396,180.06707,4951.11007,5.538,5.56,3.41,4512.348,4928.036,5343.723,95.30268,79.84612,106.92455,81.34752,-364.38534,-392.63618,35.30777,42.98093,28.50483,34.01084,1.0,0.0,-9.64919,-321.38536,4933.21073,4963.36118,5679.29616,5028.45719,5004.58617,5193.48226,5314.25649,0.12985,-0.8803,4930.26975,5144.88174,99.63269,54.6074,69.61583,4504.25128,4957.05522,5409.85916,1.0,0.0,4834.94028,4928.03582,5820.11553,5045.81535,4933.51316,5265.35429,5359.85274,103.19,-123.479,-71.884,29.45051,28.60755,50.11741,207.9028,-82.76023,4153757.57631,33.333,34.722,4.21393,-1.52003,57.122,50.341,67.805,4281.2399,4824.2321,5367.2243,-0.36617,-0.34575,69.91261,20.776,20.776,5006.04795,4809.73235,5455.83406,4741.98661
000905.SH,20240208,5131.8032,5367.2243,5129.7843,5150.2288,5109.5685,40.6603,0.7958,213676123.0,212255665.09,-17411.2899,-20416.7252,175.37102,4900.32437,7.416,6.114,3.561,4508.057,4931.265,5354.472,99.44762,76.79254,158.55063,89.35199,-383.90532,-389.22822,44.42188,48.39664,34.37747,32.69353,0.0,3.0,-18.80926,-416.80846,4886.90118,4944.59881,5683.61497,5020.65398,4936.07741,5195.24086,5318.13633,-0.27313,-0.97225,4891.8454,5145.01553,100.22838,47.10318,64.81158,4499.08359,4937.04339,5375.00319,0.0,16.0,4823.48923,4931.26453,5824.81807,5053.85512,4817.83684,5273.15024,5365.77209,74.451,-136.378,-99.153,29.14172,28.34801,51.75087,284.4858,-202.68848,4170052.56561,41.667,34.722,5.84671,-3.86534,57.529,50.571,68.639,4281.2399,4824.2321,5367.2243,-0.4278,-0.33748,73.38471,19.981,19.981,4888.89807,4697.17658,5453.72234,4740.15119
000905.SH,20240207,4813.9545,5110.8041,4813.2326,5109.5685,4805.9013,303.6672,6.3186,227198934.0,212618286.13,-20000.62398,-20153.7988,167.30027,4818.93552,8.274,5.793,2.63,4502.992,4934.946,5366.9,88.21621,65.39227,82.68119,75.25247,-399.67254,-383.24195,53.77944,55.28687,36.71554,26.19171,0.0,2.0,-70.08717,-509.68283,4828.38393,4922.95355,5687.8992,5011.71779,4829.00171,5196.76669,5321.90954,-0.49454,-1.0161,4844.8666,5144.80275,95.12634,38.24898,57.2081,4488.57062,4907.7063,5326.84198,0.0,15.0,4815.78414,4934.94626,5829.42649,5058.36516,4723.53724,5281.72338,5371.28793,24.583,-145.684,-133.393,28.71609,28.12223,47.7615,328.5937,-332.82212,4148684.95331,41.667,33.333,6.87294,-6.4326,56.18,49.531,67.048,4281.2399,4771.9282,5262.6165,-0.47464,-0.32573,57.8073,0.149,0.149,4784.9107,4597.26715,5450.44391,4737.30172
000905.SH,20240206,4411.298,4817.1179,4405.3085,4805.9013,4460.2635,345.6378,7.7493,173058335.0,156485198.83,-25046.21175,-19872.03649,156.72426,4754.89326,2.91,0.073,-3.668,4501.001,4937.372,5373.743,73.18727,52.31799,-70.29756,53.69482,-426.89784,-375.35498,59.16722,61.00578,44.2269,16.53311,0.0,1.0,-389.98353,-576.99512,4765.89846,4903.30987,5692.54443,5004.96946,4688.71832,5199.72256,5326.68124,-1.151,-1.05994,4796.73898,5146.24088,50.12103,28.76942,35.88662,4503.72956,4896.81204,5289.89452,0.0,4.0,4798.19738,4937.37175,5834.36296,5063.32235,4641.01946,5290.40646,5377.47788,-44.517,-148.757,-171.016,28.35542,27.95486,36.97593,-212.5319,-452.7856,4125965.05991,33.333,31.944,-4.23502,-8.83041,44.004,40.583,51.852,4281.2399,4771.9282,5262.6165,-0.49431,-0.31113,42.80895,34.816,20.278,4722.3913,4537.19949,5450.09355,4736.9972
000905.SH,20240205,4527.7091,4598.0608,4281.2399,4460.2635,4563.2221,-102.9586,-2.2563,165958337.0,143547017.41,-29146.8136,-19400.24482,139.50675,4758.49171,-4.906,-7.465,-11.038,4511.817,4956.109,5400.401,56.40384,40.26164,-185.46379,36.99921,-436.12578,-363.89541,59.00073,63.7671,52.30668,9.1166,7.0,0.0,-758.10291,-573.79482,4757.00895,4913.56341,5699.66606,5018.6983,4630.12683,5213.07244,5338.38416,-1.66459,-1.06179,4795.07311,5160.13229,13.29171,25.21082,21.23778,4577.01497,4920.04391,5263.07285,1213.0,0.0,4804.18155,4956.10934,5840.61992,5080.30479,4642.83736,5303.73425,5387.39917,-84.875,-143.193,-185.63,28.05689,27.82203,28.47509,-606.6944,-466.68855,4108659.22641,25.0,31.944,-11.97354,-9.06879,21.14,26.338,14.415,4281.2399,4771.9282,5262.6165,-0.47541,-0.29483,38.4245,77.758,76.716,4750.19664,4563.91442,5465.05022,4749.99692
000905.SH,20240202,4686.0999,4724.0488,4435.5569,4563.2221,4678.7308,-115.5087,-2.4688,137501832.0,124953077.79,-23747.93518,-18548.90688,129.37427,4823.31838,-4.631,-6.312,-9.697,4601.388,4991.481,5381.574,66.68234,49.56997,-162.48105,38.70625,-426.25779,-349.8436,54.00465,63.97575,52.95555,10.12245,6.0,0.0,-681.68008,-494.84879,4822.95238,4961.27919,5709.6211,5057.21105,4715.0585,5238.59138,5358.11721,-1.42476,-1.02055,4855.94758,5188.69836,7.81231,27.19733,20.73566,4637.26303,4969.88839,5302.51375,1209.0,0.0,4836.25268,4991.48115,5848.24249,5108.68568,4736.3674,5322.28152,5400.19533,-67.615,-132.583,-166.391,27.92466,27.70118,29.65432,-498.3174,-387.40368,4125255.06011,33.333,34.722,-9.84517,-7.49644,23.793,28.273,17.862,4435.5569,4852.2678,5268.9787,-0.43363,-0.27893,48.46845,80.376,80.376,4853.93179,4663.58153,5543.82517,4818.46486
000905.SH,20240201,4667.9126,4771.0465,4629.9901,4678.7308,4696.9796,-18.2488,-0.3885,111471910.0,107508825.59,-21466.1334,-17761.27347,120.60392,4884.91198,-3.924,-4.753,-8.068,4670.774,5027.414,5384.053,75.80541,55.05209,-136.75835,41.0772,-401.93202,-334.49559,50.65408,61.46989,50.67901,11.31669,5.0,0.0,-582.18782,-423.31868,4880.67022,5003.17993,5718.82912,5091.27925,4790.97669,5261.48526,5375.98002,-1.17543,-0.99281,4909.17039,5214.22801,3.01884,30.42817,21.29173,4722.70012,5011.5318,5300.36348,1086.0,0.0,4881.77379,5027.4136,5855.1462,5134.53701,4829.14162,5339.42877,5412.28182,-51.532,-124.131,-149.897,27.89326,27.57879,30.66203,-511.6667,-322.2633,4139005.24331,33.333,36.111,-9.85795,-6.20134,27.318,30.698,23.007,4629.9901,5001.83445,5373.6788,-0.40109,-0.26481,57.51764,89.315,89.315,4949.00795,4754.92921,5604.5652,4871.25761
000905.SH,20240131,4786.8128,4832.401,4690.9429,4696.9796,4814.9908,-118.0112,-2.4509,121093158.0,116592536.77,-21350.68158,-17298.7363,117.02625,4935.41809,-4.383,-5.204,-8.238,4715.118,5061.243,5407.369,67.75731,50.67894,-139.5133,40.27774,-380.99266,-320.09302,52.3714,58.78892,49.66719,12.94271,4.0,0.0,-576.05545,-393.98053,4925.54564,5037.33247,5727.18333,5119.73087,4847.09964,5281.23965,5391.64855,-1.0396,-0.93708,4951.0685,5236.08504,9.79174,34.99639,26.59484,4755.50454,5045.03454,5334.56454,1084.0,0.0,4920.5965,5061.24314,5861.56459,5155.55553,4908.03104,5354.91688,5423.49482,-41.472,-117.69,-138.426,27.78705,27.417,36.85595,-496.316,-275.98532,4150152.43431,33.333,37.5,-9.55686,-5.31303,27.917,31.102,23.913,4690.9429,5043.04285,5395.1428,-0.37727,-0.25258,59.1741,98.472,98.472,5019.04681,4822.22145,5647.66184,4908.71543
000905.SH,20240130,4898.3613,4939.3511,4810.099,4814.9908,4927.9137,-112.9229,-2.2915,99675811.0,95474113.53,-18295.89513,-16705.40609,112.68778,4989.10447,-2.539,-3.627,-6.381,4762.632,5096.464,5430.296,70.92888,54.25749,-103.72256,43.69771,-363.41877,-305.98288,56.7943,56.54345,44.11451,15.07742,3.0,0.0,-473.96095,-380.39159,4976.3381,5073.15909,5735.45806,5148.88613,4922.15966,5301.04507,5407.25908,-0.82956,-0.89608,4997.26649,5258.08934,38.99111,39.19717,39.12848,4790.12211,5077.13209,5364.14207,5.0,0.0,4957.05249,5096.46391,5867.7824,5178.31866,4955.3753,5370.15219,5434.85826,-22.247,-112.506,-123.629,27.7119,27.23075,43.93129,-391.1872,-262.62067,4162261.75011,33.333,37.5,-7.5139,-5.03329,32.088,33.863,30.362,4727.8806,5078.2005,5428.5204,-0.3589,-0.2421,68.96838,80.772,75.684,5052.62228,4854.48023,5691.30808,4946.65095
000905.SH,20240129,5032.1113,5050.1092,4927.9137,4927.9137,5027.0932,-99.1795,-1.9729,116876657.0,117835011.1,-14962.77108,-15977.45875,107.7263,5024.78327,-0.139,-2.006,-4.528,4792.035,5126.187,5460.339,72.21575,57.60426,-50.36181,49.89959,-342.77374,-291.33068,62.84433,54.78314,40.16132,15.3945,2.0,0.0,-370.78169,-401.14811,5012.19305,5100.3347,5742.85137,5171.91339,4975.74409,5317.52149,5420.56848,-0.69765,-0.84024,5030.40752,5276.17499,61.14177,39.23151,46.53493,4822.17425,5100.53403,5378.89381,3.0,0.0,4994.59316,5126.18714,5873.33974,5197.32798,4965.52574,5383.32004,5444.74351,-10.471,-109.725,-114.961,27.55841,27.02296,44.68103,-295.9496,-293.14727,4172229.33121,33.333,36.111,-5.66534,-5.56844,36.927,36.863,38.679,4727.8806,5083.6792,5439.4778,-0.35122,-0.23317,69.4275,58.517,44.164,5051.0595,4852.97873,5719.31366,4970.99224
000905.SH,20240126,5055.2878,5086.129,5009.9729,5027.0932,5073.1779,-46.0847,-0.9084,117009836.0,119232919.0,-12738.89639,-15561.50685,104.73983,5041.46924,1.56,-0.521,-2.911,4805.35,5151.253,5497.155,79.23048,60.40923,-15.02589,59.37928,-330.30574,-277.38174,68.53347,53.50939,37.41273,15.90493,1.0,0.0,-284.42673,-402.27719,5030.9218,5118.48428,5749.39705,5188.74096,4999.65929,5330.72853,5431.63938,-0.66782,-0.78943,5049.04276,5290.38974,72.01796,35.5798,47.72585,4846.95271,5114.41703,5381.88135,1.0,0.0,5021.13135,5151.25289,5878.23391,5214.72373,4936.13796,5393.02743,5453.3456,-10.611,-108.416,-113.722,27.33179,26.81693,45.83967,-130.9852,-307.6493,4183916.99691,41.667,34.722,-2.53942,-5.80589,42.03,39.835,48.379,4727.8806,5083.6792,5439.4778,-0.35028,-0.22514,82.15099,41.455,16.479,5025.07483,4828.01307,5734.4151,4984.1178
000905.SH,20240125,4931.6273,5074.4943,4910.9591,5073.1779,4933.7009,139.477,2.827,132307766.0,134822852.0,-14782.02594,-15316.13541,107.1737,5036.85957,2.354,0.174,-2.244,4814.041,5169.038,5524.035,75.5159,59.83658,-32.73069,64.28674,-324.04261,-262.95438,73.94685,53.76587,42.07096,14.85802,0.0,3.0,-252.49946,-411.37184,5031.7726,5128.10439,5755.19869,5199.88908,4985.94234,5341.02125,5440.7303,-0.88907,-0.74292,5053.03359,5301.13654,62.676,29.50677,40.56318,4858.61404,5122.1383,5385.66256,0.0,6.0,5039.03983,5169.03806,5882.65609,5230.13152,4934.40596,5400.23341,5460.99342,-26.99,-107.09,-120.585,27.1903,26.64788,37.84779,-107.4751,-342.90135,4195617.98051,41.667,31.944,-2.07455,-6.4379,44.659,41.317,53.582,4727.8806,5083.6792,5439.4778,-0.34957,-0.2174,84.91555,35.427,3.118,5024.34221,4827.30919,5742.43584,4991.0891
000905.SH,20240124,4886.2037,4941.4403,4766.8035,4933.7009,4865.743,67.9579,1.3967,114025805.0,112683270.5,-17183.00084,-14940.82768,101.91401,5016.91784,-0.421,-2.752,-5.134,4824.06,5179.656,5535.251,66.72584,51.87093,-115.95208,50.68997,-320.80285,-247.89371,72.2857,53.40794,47.71803,7.19468,0.0,2.0,-406.15894,-427.74496,5022.57142,5133.88613,5760.67677,5208.62778,4942.32455,5350.10069,5448.98991,-1.16767,-0.66957,5049.37099,5310.44097,33.23326,23.97857,27.06347,4882.87232,5132.93772,5383.00312,0.0,2.0,5054.10837,5179.65567,5886.86809,5244.60935,4933.16196,5407.51321,5468.74618,-57.133,-103.716,-132.282,26.92252,26.48853,28.454,-233.9988,-386.27038,4182387.20391,41.667,27.778,-4.5281,-7.22087,33.04,34.214,36.305,4727.8806,5083.6792,5439.4778,-0.34007,-0.20944,70.22561,61.51,54.57,5024.13911,4827.11405,5750.92974,4998.47164
000905.SH,20240123,4771.4963,4889.4223,4727.8806,4865.743,4780.9748,84.7682,1.773,99944718.0,107808853.1,-20328.29504,-14649.04048,97.04882,5043.60683,-2.633,-4.459,-6.722,4857.459,5195.885,5534.311,66.29147,47.93518,-172.09546,42.1858,-312.30215,-233.11254,65.20644,51.01246,53.7252,4.29543,0.0,1.0,-494.52181,-397.52362,5042.32043,5154.95826,5767.31914,5227.58826,4946.63638,5364.21594,5460.56944,-1.29342,-0.56624,5070.40191,5325.81812,19.17823,22.43612,21.35016,4925.67995,5159.49451,5393.30907,0.0,1.0,5076.54612,5195.88483,5891.36405,5265.69191,4958.72968,5417.42217,5478.09095,-69.027,-96.574,-131.088,26.66955,26.36243,20.05711,-416.1281,-379.3371,4170984.62341,33.333,25.0,-7.87842,-7.06191,26.111,30.274,24.965,4727.8806,5083.6792,5439.4778,-0.31394,-0.20121,58.03838,74.219,71.41,5064.42391,4865.81905,5778.48113,5022.41818
000905.SH,20240122,5008.6804,5008.7672,4753.6302,4780.9748,5018.4332,-237.4584,-4.7317,109708492.0,115622857.1,-20633.43425,-14009.7821,91.53163,5088.31249,-5.363,-6.758,-8.722,4912.479,5218.366,5524.254,58.39693,42.93225,-218.24112,42.93129,-295.60767,-218.91971,56.2926,47.42667,58.44192,4.61719,2.0,0.0,-598.50005,-353.33889,5081.55985,5185.40197,5774.56072,5252.5431,4987.08307,5381.11332,5473.93632,-1.17511,-0.46501,5107.61262,5344.59669,11.4454,22.9791,19.13454,4979.42411,5194.42215,5409.42019,1075.0,0.0,5108.03712,5218.36641,5895.96223,5288.9956,5023.66058,5428.76626,5487.45628,-65.582,-87.946,-120.737,26.46516,26.28067,20.10329,-574.3468,-325.35483,4160990.15161,25.0,25.0,-10.72479,-6.03968,16.196,24.895,7.926,4753.6302,5096.554,5439.4778,-0.28083,-0.19338,48.04413,94.628,94.366,5134.09867,4932.76147,5820.90614,5059.29225
000905.SH,20240119,5056.4765,5084.2902,5014.7667,5018.4332,5066.9579,-48.5247,-0.9577,78467383.0,92039421.3,-15871.601,-13224.2002,81.94224,5148.00918,-2.037,-3.032,-4.646,5012.028,5244.902,5477.776,70.47998,54.30803,-127.88319,58.14997,-272.77768,-205.78058,46.72195,43.6263,48.04244,5.7219,1.0,0.0,-377.55615,-290.82438,5148.35653,5227.97325,5782.54133,5285.06505,5090.13721,5401.457,5489.50849,-0.67377,-0.37781,5167.00132,5367.60167,28.24409,24.90139,26.01562,5046.03794,5230.90966,5415.78138,931.0,0.0,5146.70961,5244.90218,5900.89495,5312.8961,5106.12474,5440.61713,5497.69768,-34.78,-79.748,-97.138,26.32227,26.21625,28.41148,-382.9618,-238.31472,4171961.00081,25.0,27.778,-7.09005,-4.41737,24.711,31.396,16.867,4924.6815,5182.07965,5439.4778,-0.24896,-0.18636,49.24009,72.77,72.257,5209.19322,5004.91114,5877.44291,5108.43169
000905.SH,20240118,5033.1032,5069.2295,4924.6815,5066.9579,5061.5395,5.4184,0.1071,118751055.0,123436419.7,-16840.76169,-12665.02716,83.42555,5182.88161,-1.747,-2.695,-4.052,5049.475,5260.919,5472.363,67.83748,52.78579,-148.42131,50.25418,-257.90636,-194.1332,38.48531,40.1597,48.32866,7.60105,0.0,1.0,-338.99467,-263.53843,5177.22838,5250.0301,5788.67874,5303.45346,5125.98921,5414.44086,5500.09445,-0.67063,-0.34829,5194.0137,5381.85344,26.76797,24.34427,25.15217,5057.50948,5251.09348,5444.67748,0.0,1.0,5173.0534,5260.91862,5905.01441,5328.31951,5143.6737,5446.95881,5506.27487,-28.763,-75.401,-89.782,26.3175,26.16815,29.52477,-342.4975,-189.73963,4179807.73911,25.0,30.556,-6.33146,-3.52263,27.411,33.089,20.878,4924.6815,5182.07965,5439.4778,-0.23333,-0.17999,49.32764,68.312,57.898,5247.19893,5041.42642,5898.71611,5126.92148
000905.SH,20240117,5180.9251,5180.9251,5061.5395,5061.5395,5190.3975,-128.858,-2.4826,78741849.0,87930639.3,-15417.37951,-11840.18976,80.19266,5207.37091,-2.14,-3.328,-4.473,5080.512,5273.035,5465.558,71.61125,58.00078,-115.04488,56.53019,-239.89118,-183.63817,33.58489,37.20525,37.39795,16.86699,4.0,0.0,-350.73819,-255.87524,5201.73294,5269.30086,5794.4757,5319.7635,5155.50487,5426.21994,5509.82786,-0.32699,-0.31217,5217.11476,5394.70632,3.31855,23.94032,17.0664,5096.81362,5275.38862,5453.96362,922.0,0.0,5201.88977,5273.03505,5908.90665,5342.14838,5175.05478,5452.10949,5514.2944,-24.445,-71.805,-84.028,26.23419,26.11437,38.90291,-367.6893,-158.25868,4167932.63361,16.667,33.333,-6.7724,-2.94938,26.59,32.7,19.088,5061.5395,5250.50865,5439.4778,-0.22076,-0.17344,46.909,100.0,100.0,5283.40568,5076.2133,5920.4236,5145.78873
000905.SH,20240116,5188.3692,5210.0834,5124.0823,5190.3975,5193.2956,-2.8981,-0.0558,83070371.0,92337607.3,-11016.42177,-11022.02966,76.89606,5236.02655,-0.032,-1.444,-2.383,5117.521,5288.952,5460.382,86.24253,67.32183,-80.78269,59.45959,-216.89681,-175.44636,34.53018,37.17607,34.32904,17.95383,3.0,0.0,-224.83088,-245.26913,5232.88703,5291.17048,5800.36274,5337.57205,5202.48756,5438.58199,5519.90175,-0.24038,-0.31365,5245.40117,5408.30497,22.04422,27.37728,25.59959,5129.96895,5293.71009,5457.45123,3.0,0.0,5235.87532,5288.95175,5912.71175,5355.44402,5194.36256,5456.9507,5522.83045,-12.32,-68.75,-74.91,26.16594,26.06595,45.33506,-192.3991,-123.32863,4175806.81851,25.0,37.5,-3.57433,-2.31424,35.289,37.682,34.609,5118.4332,5278.9555,5439.4778,-0.21038,-0.16654,58.4439,76.792,50.088,5297.72965,5089.97555,5938.42574,5161.43546
000905.SH,20240115,5189.5279,5238.9581,5171.2399,5193.2956,5206.178,-12.8824,-0.2474,73925097.0,88027788.8,-10803.25202,-10668.64413,76.35592,5244.31385,0.096,-1.688,-2.616,5128.632,5298.695,5468.759,92.75205,73.38511,-70.22279,57.60862,-203.28431,-169.67044,36.81847,37.35835,34.90405,18.09717,2.0,0.0,-229.41342,-259.89923,5242.32915,5301.77816,5805.26205,5347.72202,5208.53259,5446.99503,5527.30634,-0.24926,-0.32169,5255.40183,5417.19915,19.65519,28.26613,25.39581,5153.67582,5306.22122,5458.76662,2.0,0.0,5257.78111,5298.69539,5915.99202,5367.73305,5192.41366,5458.61631,5529.05717,-16.185,-67.21,-75.302,26.17897,26.02591,45.88209,-92.2345,-114.85992,4184113.85561,33.333,40.278,-1.74504,-2.16298,35.529,37.807,35.144,5118.4332,5283.2552,5448.0772,-0.20652,-0.15944,71.61564,76.682,50.273,5298.73954,5090.94584,5946.61276,5168.55128
000905.SH,20240112,5213.1356,5262.6165,5206.1607,5206.178,5223.8633,-17.6853,-0.3385,76619831.0,93271394.9,-10285.18199,-10371.38114,76.8546,5250.19741,0.06,-1.588,-2.657,5136.57,5311.52,5486.47,89.20041,71.99033,-59.7098,55.63988,-186.03222,-165.25938,38.56074,39.68971,32.62176,18.3768,1.0,0.0,-223.41302,-256.89308,5253.22549,5313.19737,5810.17745,5358.37211,5216.15108,5455.59501,5534.8122,-0.22893,-0.33046,5266.69387,5426.33807,18.66504,29.70128,26.02253,5165.78483,5317.27981,5468.77479,1.0,0.0,5281.37443,5311.51993,5919.02865,5380.18549,5187.29448,5462.45597,5535.12498,-19.633,-65.186,-75.003,26.07866,25.99214,46.13925,-52.1061,-115.82123,4191506.36531,41.667,41.667,-0.99093,-2.17575,36.54,38.345,37.281,5118.4332,5317.32655,5516.2199,-0.20063,-0.15193,70.76982,72.669,65.623,5297.47926,5089.73498,5954.07218,5175.0347
000905.SH,20240111,5152.359,5243.1387,5146.8978,5223.8633,5158.0784,65.7849,1.2754,85041295.0,106151947.2,-11028.94867,-10170.21011,77.51269,5258.90955,-0.077,-1.334,-2.548,5141.532,5325.677,5509.823,90.84133,73.24627,-88.28833,51.39436,-173.43583,-162.35684,40.53065,42.31597,32.12423,17.5671,0.0,1.0,-213.84041,-245.01381,5263.68049,5324.46257,5815.02885,5368.86826,5221.13762,5464.04982,5542.19724,-0.23769,-0.33771,5277.69676,5435.3242,13.02355,31.54065,25.36829,5161.82451,5326.99505,5492.16559,0.0,3.0,5299.03629,5325.67736,5922.02753,5391.48124,5202.4331,5466.75345,5541.44693,-24.218,-62.732,-74.842,26.03362,26.00216,46.84422,-91.5113,-112.12832,4199168.34841,41.667,41.667,-1.72163,-2.10328,37.897,39.076,40.069,5118.4332,5337.90255,5557.3719,-0.19287,-0.14439,82.61458,67.16,61.899,5313.64023,5105.26218,5960.77407,5180.8597
000905.SH,20240110,5167.7319,5211.8158,5118.4332,5158.0784,5180.653,-22.5746,-0.4357,71173946.0,84227807.64,-14265.12889,-10253.30238,75.6339,5267.07851,-1.891,-2.717,-3.967,5145.838,5339.86,5533.882,76.04982,60.99378,-150.97104,42.32156,-172.99121,-159.81111,41.83408,44.55061,37.11282,14.64239,1.0,0.0,-293.01555,-229.24785,5272.52876,5335.05197,5819.77717,5378.8686,5219.77478,5472.19174,5549.35081,-0.38233,-0.35122,5287.48466,5443.95525,-4.35595,34.62684,21.63258,5182.2846,5339.87524,5497.46588,915.0,0.0,5305.20297,5339.85984,5924.58994,5402.46362,5228.72476,5471.76571,5547.51862,-31.285,-59.705,-75.348,25.99483,26.05903,39.73952,-153.6118,-104.94167,4190664.21891,41.667,41.667,-2.89196,-1.96433,28.892,34.629,21.988,5118.4332,5338.2452,5558.0572,-0.18258,-0.13707,70.2251,87.651,87.215,5344.23589,5134.65801,5969.05743,5188.05927
000905.SH,20240109,5176.1129,5220.4578,5152.9987,5180.653,5167.6997,12.9533,0.2507,78740418.0,90959823.75,-13935.71118,-10005.60102,72.50709,5296.1701,-2.241,-2.527,-3.788,5161.232,5360.265,5559.298,75.20802,63.22948,-168.67785,47.52322,-170.37384,-155.56814,40.82562,46.30075,37.66171,14.82614,0.0,1.0,-287.10152,-201.11938,5297.96217,5353.68077,5825.09202,5394.09551,5250.62298,5482.83965,5558.14345,-0.39035,-0.35966,5311.01307,5455.6237,-3.42457,41.12397,26.27446,5204.13658,5358.51728,5512.89798,0.0,1.0,5315.22354,5360.26481,5927.38724,5416.91086,5277.38808,5479.05344,5552.91931,-24.81,-55.794,-68.2,25.9437,26.15943,39.51678,-158.109,-92.65158,4197781.61351,41.667,41.667,-2.96153,-1.72484,30.272,35.481,24.064,5152.9987,5364.5038,5576.0089,-0.16834,-0.13016,68.73217,90.347,90.347,5393.13144,5181.63609,5984.59542,5201.56424
000905.SH,20240108,5268.2339,5268.9787,5167.6997,5167.6997,5281.8711,-114.1714,-2.1616,83785155.0,92792791.38,-12777.61525,-9631.0376,76.36817,5329.17959,-3.242,-3.011,-4.236,5179.332,5379.475,5579.618,74.57888,60.92948,-186.35448,51.83727,-164.21638,-149.18209,39.82196,48.03299,39.30198,14.88891,5.0,0.0,-312.61144,-172.96854,5324.03088,5371.89421,5830.26823,5408.81568,5285.60797,5493.08326,5566.62638,-0.40808,-0.36653,5334.7149,5466.84699,6.65786,48.54873,34.5851,5225.68505,5376.81351,5527.94197,913.0,0.0,5328.6957,5379.47485,5930.11301,5429.77266,5323.14856,5485.72033,5557.36996,-15.379,-52.693,-60.382,25.92569,26.29146,39.70959,-141.5868,-79.34742,4189907.57171,41.667,41.667,-2.66678,-1.46815,28.474,34.596,20.474,5167.6997,5371.8543,5576.0089,-0.15736,-0.1239,69.83782,100.0,100.0,5440.7186,5227.35708,5999.62749,5214.6295
000905.SH,20240105,5347.0727,5373.6788,5260.5939,5281.8711,5355.3216,-73.4505,-1.3715,89538884.0,101084569.6,-10279.87063,-9358.81719,72.88605,5364.69492,-1.763,-1.087,-2.415,5214.866,5395.989,5577.113,80.35458,65.48175,-66.19517,64.61658,-156.30389,-141.44758,37.89823,48.78666,37.98018,15.45135,4.0,0.0,-211.37655,-149.81839,5358.77114,5393.38837,5835.59007,5425.44437,5344.5621,5504.11321,5575.59103,-0.34555,-0.3683,5365.0813,5479.05708,44.57189,55.53054,51.87766,5252.37462,5395.27184,5538.16906,6.0,0.0,5343.09475,5395.98935,5932.98486,5443.19668,5375.45438,5493.48172,5562.75855,5.126,-50.771,-48.208,25.97631,26.43659,39.80164,-98.0024,-86.31315,4198286.08721,41.667,40.278,-1.82165,-1.57279,35.969,39.128,31.367,5235.4559,5405.7324,5576.0089,-0.15135,-0.11788,69.6244,77.25,88.106,5486.52788,5271.36993,6016.50962,5229.30275
000905.SH,20240104,5395.1428,5395.1428,5331.892,5355.3216,5401.395,-46.0734,-0.853,78846568.0,91011406.06,-8592.38769,-9462.66253,70.14104,5380.01192,-0.409,0.135,-1.275,5229.164,5405.953,5582.741,81.89647,67.09689,2.52792,70.51216,-152.95605,-133.28471,40.81869,49.80094,37.11401,16.00026,3.0,0.0,-152.13741,-160.75208,5375.86004,5405.12703,5840.03761,5435.34598,5375.9076,5511.64684,5582.19148,-0.34028,-0.3912,5380.21043,5487.10549,84.61033,57.35698,66.44143,5264.61582,5404.734,5544.85218,4.0,0.0,5348.78384,5405.95257,5935.2304,5454.56728,5395.63948,5499.9779,5566.62109,15.638,-51.411,-43.592,26.1388,26.56987,40.04154,-29.9486,-116.53337,4207239.97561,41.667,38.889,-0.55612,-2.10575,42.577,42.565,43.886,5235.4559,5405.7324,5576.0089,-0.15645,-0.11153,69.62596,41.249,41.249,5498.93198,5283.28758,6023.15332,5235.07719
000905.SH,20240103,5398.2939,5428.5204,5373.8317,5401.395,5409.4554,-8.0604,-0.149,86705229.0,99883598.92,-7235.77852,-9663.09612,70.16649,5384.33283,0.751,0.95,-0.57,5234.141,5412.278,5590.414,88.31201,72.01395,36.25169,75.59701,-157.9731,-124.69865,44.10129,50.74551,34.88364,15.99841,2.0,0.0,-119.24461,-187.40917,5380.42413,5410.36971,5843.93091,5440.8649,5386.20059,5516.946,5587.28968,-0.31274,-0.41635,5384.73567,5492.48443,105.22984,52.81476,70.28645,5267.16452,5409.36016,5551.5558,2.0,0.0,5344.18033,5412.27769,5936.8625,5461.81985,5381.68118,5504.55235,5570.90708,17.641,-53.366,-44.545,26.37484,26.66444,40.1345,-48.3914,-151.49287,4215124.63241,41.667,37.5,-0.88795,-2.73971,47.607,44.938,55.455,5235.4559,5405.7324,5576.0089,-0.1676,-0.10416,81.18151,18.666,18.666,5481.72638,5266.75672,6025.69693,5237.28799
000905.SH,20240102,5431.4784,5439.4778,5409.4554,5409.4554,5429.2288,-19.7734,-0.3642,92964747.0,106839922.69,-7482.56645,-9795.9452,72.36502,5380.94461,1.172,1.024,-0.538,5235.959,5415.228,5594.498,86.23777,70.83516,40.74811,69.24185,-159.13759,-114.52651,47.26713,50.72848,34.94749,15.93482,1.0,0.0,-124.24476,-210.56977,5375.76394,5411.31442,5847.48542,5443.58696,5378.60339,5520.86299,5591.46708,-0.32815,-0.43197,5381.70671,5496.20236,106.13026,44.07891,64.76269,5266.37087,5410.21397,5554.05707,1.0,0.0,5342.02818,5415.22838,5938.37314,5469.8095,5353.059,5508.36863,5574.34468,11.532,-55.571,-49.805,26.59726,26.6946,40.45811,-79.8713,-171.05445,4223795.15531,41.667,37.5,-1.45503,-3.09575,48.526,45.362,57.671,5235.4559,5405.7324,5576.0089,-0.18041,-0.09548,80.43971,14.715,14.715,5454.35912,5240.46269,6026.19798,5237.72348
000905.SH,20231229,5376.9768,5437.1538,5374.6877,5429.2288,5382.7966,46.4322,0.8626,90931766.0,112533613.05,-7830.62211,-9811.74677,72.45226,5370.0781,1.852,1.268,-0.313,5232.854,5422.709,5612.564,81.7692,66.78861,21.13757,70.70499,-159.17369,-103.93356,51.77589,50.33407,34.91873,15.87788,0.0,3.0,-118.19648,-233.85037,5368.27695,5411.5101,5851.00373,5445.94086,5363.17739,5524.63952,5595.55723,-0.29426,-0.44577,5376.66149,5499.74305,96.031,33.73702,54.50168,5256.36212,5409.2404,5562.11868,0.0,9.0,5339.60966,5422.70902,5940.11866,5478.15341,5334.24284,5512.51242,5578.43736,0.796,-57.013,-56.615,26.73586,26.65738,40.10935,-78.284,-186.0982,4233091.63001,41.667,36.111,-1.4214,-3.37051,50.729,46.391,62.803,5235.4559,5413.1456,5590.8353,-0.19056,-0.08544,79.91435,8.865,3.929,5433.50196,5220.42346,6026.27418,5237.78971
000905.SH,20231228,5280.6904,5400.2364,5275.4028,5382.7966,5285.5301,97.2665,1.8402,107699239.0,126896204.8,-8273.47169,-9646.33812,72.11254,5355.41467,1.268,0.28,-1.269,5229.582,5429.591,5629.6,80.56563,65.86299,-33.33189,64.30898,-157.00685,-92.14465,56.24402,49.60027,32.26896,16.07124,0.0,2.0,-173.71053,-254.25297,5354.73209,5409.64498,5854.39148,5447.09342,5330.15168,5527.87378,5599.29495,-0.35927,-0.45559,5367.1038,5502.62119,54.4419,23.35469,33.71709,5252.84861,5408.77201,5564.69541,0.0,7.0,5341.66542,5429.59102,5941.91387,5484.89322,5310.73512,5516.87144,5583.38327,-18.769,-57.112,-66.497,26.79648,26.56065,41.68509,-183.3812,-193.32533,4223998.45341,33.333,36.111,-3.29456,-3.50491,45.393,43.507,54.961,5235.4559,5413.1456,5590.8353,-0.1955,-0.07448,80.475,47.522,10.584,5413.74125,5201.43768,6026.47983,5237.96845
000905.SH,20231227,5261.5699,5293.7973,5235.4559,5285.5301,5258.2841,27.246,0.5182,75397918.0,84253444.7,-11859.87141,-9332.3878,68.38904,5352.58187,-0.332,-1.812,-3.192,5232.842,5437.704,5642.566,66.93057,52.46052,-97.77575,47.36129,-147.97845,-79.88357,59.67508,48.94527,34.85224,8.79855,0.0,1.0,-276.97873,-271.24016,5348.49554,5412.47112,5858.17939,5451.52768,5303.82922,5532.79165,5604.16008,-0.45825,-0.44383,5364.25056,5507.51199,11.43408,18.17349,15.92702,5269.78232,5414.66254,5559.54276,0.0,1.0,5352.31843,5437.70371,5944.12858,5492.44536,5301.9282,5521.73058,5588.38793,-37.296,-54.766,-73.414,26.77601,26.39717,42.36605,-279.3237,-204.39208,4213228.52951,33.333,36.111,-5.01943,-3.70469,31.057,36.668,28.732,5235.4559,5413.1456,5590.8353,-0.19036,-0.06281,66.49326,84.445,67.273,5405.68895,5193.70115,6029.9294,5240.96668
000905.SH,20231226,5312.7999,5313.9193,5238.0417,5258.2841,5315.3746,-57.0905,-1.0741,67532007.0,80910364.9,-11788.11521,-8530.48325,67.74849,5367.85965,-1.139,-2.739,-3.939,5252.867,5451.094,5649.321,65.84691,52.40864,-115.36521,47.64727,-130.56155,-68.33813,58.78318,47.15479,34.59987,8.79992,1.0,0.0,-312.07994,-260.30309,5362.48786,5425.83334,5862.77898,5462.97579,5312.97879,5541.17339,5611.32031,-0.45219,-0.41633,5378.56337,5516.57247,6.32567,19.29672,14.97304,5284.77741,5429.72235,5574.66729,406.0,0.0,5374.5167,5451.09395,5947.27791,5505.08159,5306.67948,5527.74932,5594.99069,-42.336,-50.104,-71.272,26.70619,26.19342,35.50495,-239.7056,-189.00403,4205688.73771,33.333,36.111,-4.35988,-3.42796,26.074,34.54,17.52,5238.0417,5415.70645,5593.3712,-0.17539,-0.05089,56.29262,93.675,88.016,5416.66901,5204.25062,6041.47215,5250.99916
000905.SH,20231225,5301.5735,5339.6644,5288.4665,5315.3746,5311.6902,3.6844,0.0694,65918772.0,81018151.92,-10190.07698,-7590.98942,67.14099,5389.01624,-0.462,-2.045,-3.128,5281.499,5467.755,5654.01,72.41825,58.55191,-103.34347,53.98513,-106.51335,-58.35444,57.38973,46.20219,31.53083,8.86463,0.0,1.0,-258.20822,-243.87211,5385.64425,5443.4701,5867.63437,5477.09246,5340.32613,5550.76286,5619.25371,-0.42403,-0.38747,5400.43233,5527.11485,14.95301,21.45857,19.29005,5310.87896,5446.52662,5582.17428,0.0,1.0,5405.30607,5467.75452,5950.65229,5517.49057,5330.99736,5534.55565,5602.30756,-39.83,-44.812,-64.727,26.55579,25.96477,34.80156,-165.7609,-175.68313,4212441.93841,41.667,37.5,-3.02421,-3.18157,30.277,37.038,24.156,5253.3152,5424.0166,5594.718,-0.15746,-0.03931,66.22829,80.768,68.136,5439.22166,5225.91885,6055.97036,5263.60041
000905.SH,20231222,5337.3807,5366.2345,5293.2193,5311.6902,5338.762,-27.0718,-0.5071,90387004.0,108918439.61,-10055.41117,-6659.23554,66.98411,5400.7019,-0.946,-2.361,-3.434,5303.204,5480.311,5657.418,72.50864,58.49273,-119.0092,51.3718,-86.87127,-50.72336,54.18982,44.98542,39.09876,8.46129,1.0,0.0,-263.92837,-226.05034,5401.25972,5456.95383,5872.07019,5488.24542,5352.80189,5558.74213,5626.08245,-0.55166,-0.36173,5415.89737,5535.75731,11.1727,22.54283,18.75279,5306.07975,5460.42397,5614.76819,1.0,0.0,5430.25399,5480.31114,5953.77634,5527.16371,5344.97648,5540.94636,5608.95173,-42.823,-39.833,-61.245,26.37392,25.7141,34.01028,-170.1338,-165.3144,4205850.06121,33.333,37.5,-3.1036,-2.9883,29.606,36.756,22.579,5253.3152,5424.0166,5594.718,-0.14046,-0.02833,67.88307,81.91,77.796,5456.27227,5242.3008,6066.58168,5272.82333
000905.SH,20231221,5286.4531,5352.5049,5253.3152,5338.762,5309.2865,29.4755,0.5552,81522318.0,96981042.38,-11318.32409,-5867.62976,66.64711,5420.56394,-0.988,-2.119,-3.197,5330.046,5493.248,5656.449,70.56454,55.45391,-162.28166,46.82513,-74.67518,-45.30789,48.89225,43.27503,40.70852,8.8474,0.0,1.0,-240.61208,-200.21423,5421.16406,5472.24474,5876.57123,5500.42164,5373.35774,5567.11677,5633.14744,-0.56657,-0.33765,5434.84413,5544.90291,8.37698,24.43785,19.08423,5326.16746,5474.81442,5623.46138,0.0,1.0,5448.88394,5493.24765,5957.01622,5535.87736,5372.59572,5545.95016,5616.95196,-42.107,-34.481,-55.534,26.15547,25.43718,34.71849,-121.6468,-153.9869,4214888.76161,41.667,38.889,-2.2278,-2.77557,31.659,37.957,25.873,5253.3152,5436.31695,5619.3187,-0.12147,-0.0179,67.67933,73.521,71.898,5485.41809,5270.30365,6078.07253,5282.81071
000905.SH,20231220,5385.9956,5388.463,5308.5727,5309.2865,5379.8735,-70.587,-1.3121,75387097.0,86209163.3,-10596.72359,-5096.79892,65.62876,5437.55806,-2.046,-2.84,-3.944,5351.189,5507.459,5663.729,64.84322,59.513,-190.05424,50.41911,-67.09542,-40.61558,42.95652,41.83612,36.79113,10.96037,6.0,0.0,-275.63364,-174.51982,5439.47563,5486.29556,5880.89098,5511.57058,5390.65561,5574.85761,5639.76285,-0.45338,-0.30845,5452.31361,5553.31682,-8.06915,27.11466,15.38672,5351.2057,5491.65166,5632.09762,41.0,0.0,5463.12129,5507.45901,5960.28041,5544.32052,5402.70866,5551.15423,5624.54072,-41.954,-29.217,-50.194,25.81564,25.15518,41.92511,-249.7817,-143.54478,4206736.52981,33.333,40.278,-4.49323,-2.58091,26.577,35.766,14.563,5308.5727,5468.1837,5627.7947,-0.10236,-0.00829,69.89505,99.733,99.714,5523.18029,5306.58499,6089.91902,5293.10719
000905.SH,20231219,5380.7346,5406.9585,5344.0325,5379.8735,5385.2702,-5.3967,-0.1002,70323722.0,82191407.66,-8564.2693,-4494.35145,65.04354,5468.46912,-1.521,-1.921,-2.886,5391.305,5520.64,5649.974,74.13501,66.18443,-189.49425,48.31357,-56.25172,-35.60244,38.21545,38.4809,38.22086,11.30879,5.0,0.0,-211.35631,-132.84958,5468.40655,5504.92809,5885.48218,5525.52121,5431.34016,5583.86002,5647.18928,-0.45231,-0.28981,5478.31854,5563.27725,2.88264,32.97863,22.94663,5369.62461,5508.09491,5646.56521,38.0,0.0,5480.37504,5520.63961,5963.81247,5554.27822,5442.35392,5557.46447,5632.94978,-31.348,-23.973,-39.647,25.55349,24.90687,41.41077,-186.9954,-102.62162,4214275.23951,33.333,43.056,-3.35908,-1.84473,31.762,38.92,20.939,5344.0325,5491.51805,5639.0036,-0.08278,0.00026,81.29153,84.55,84.55,5562.19462,5344.06935,6103.6229,5305.01803
000905.SH,20231218,5436.9888,5448.0772,5374.5881,5385.2702,5449.7864,-64.5162,-1.1838,78022493.0,88053828.53,-7640.5821,-4018.6333,64.98834,5492.45861,-1.976,-2.101,-2.997,5411.293,5533.7,5656.107,74.10368,69.68842,-197.94266,56.06753,-53.20814,-31.17509,35.52639,34.61691,35.59782,11.52464,4.0,0.0,-213.49408,-101.58576,5488.08056,5518.09173,5889.5433,5535.56588,5457.07349,5590.77481,5653.19638,-0.38264,-0.27275,5496.21763,5570.76311,4.09518,37.99463,26.69481,5376.28215,5521.89913,5667.51611,37.0,0.0,5488.42857,5533.70016,5967.03811,5561.98571,5479.61478,5563.12806,5640.8482,-25.482,-20.054,-32.795,25.33432,24.68059,40.69999,-159.7802,-81.14493,4221307.61171,41.667,44.444,-2.88149,-1.4572,32.203,39.173,21.539,5374.5881,5535.34125,5696.0944,-0.06825,0.00766,93.7495,94.697,94.697,5600.07686,5380.466,6112.85141,5313.03908
000905.SH,20231215,5499.3692,5516.2199,5438.5282,5449.7864,5489.3267,-39.5403,-0.7203,80125418.0,94631897.36,-6176.53567,-3309.5773,64.2342,5514.10217,-1.14,-1.168,-2.015,5433.396,5547.425,5661.454,76.88883,72.31433,-116.98231,68.28302,-41.2846,-25.7639,35.01466,30.93062,28.89995,13.31708,3.0,0.0,-151.27758,-80.942,5510.9273,5532.07295,5893.59368,5545.93109,5492.97514,5597.74107,5659.21719,-0.25338,-0.26375,5516.38989,5578.33425,24.88252,43.64453,37.39053,5397.52144,5534.45218,5671.38292,35.0,0.0,5505.80837,5547.42528,5970.31305,5569.31211,5515.5315,5568.45127,5649.10693,-14.506,-16.869,-24.122,25.05176,24.46245,47.30675,-103.5485,-66.99972,4229109.86101,41.667,44.444,-1.86462,-1.20098,37.971,42.325,30.16,5429.443,5562.7687,5696.0944,-0.05637,0.01381,92.56957,87.395,86.12,5627.62036,5406.92936,6121.64537,5320.68243
000905.SH,20231214,5532.9861,5557.3719,5487.7542,5489.3267,5507.5128,-18.1861,-0.3302,74118097.0,89999982.31,-5133.96848,-2562.05321,62.29457,5529.53539,-0.517,-0.606,-1.419,5446.157,5556.507,5666.857,83.1291,74.73053,-41.33125,72.68078,-34.39602,-20.8292,35.78102,28.28983,27.11008,13.76973,2.0,0.0,-108.91168,-72.82341,5524.51417,5540.73469,5897.1584,5552.56176,5514.56951,5602.75648,5663.9235,-0.21083,-0.24896,5528.49962,5583.5811,53.89425,46.77154,49.14577,5408.90165,5541.42839,5673.95513,4.0,0.0,5517.51662,5556.50713,5973.35891,5571.33113,5525.17216,5572.65653,5656.31693,-8.43,-15.056,-19.271,24.71237,24.29055,46.59536,-102.1688,-76.39978,4237122.40281,41.667,43.056,-1.82722,-1.36278,42.221,44.425,37.909,5429.443,5562.7687,5696.0944,-0.04993,0.01871,90.7316,62.896,59.142,5634.82383,5413.85035,6126.1015,5324.55551
000905.SH,20231213,5557.0463,5558.0572,5507.5128,5507.5128,5566.1778,-58.665,-1.054,75929894.0,96464641.3,-3840.82589,-1901.82134,61.5765,5539.14565,-0.164,-0.43,-1.154,5454.393,5562.509,5670.625,86.07415,70.52895,-22.72409,66.4987,-32.52402,-16.20829,37.65781,25.91077,24.93921,13.82273,1.0,0.0,-86.44565,-69.78394,5532.33361,5546.14605,5900.43416,5556.9228,5527.19091,5606.60156,5667.84703,-0.1924,-0.2378,5535.62197,5587.42822,74.3305,45.58442,55.16644,5415.90447,5544.58041,5673.25635,2.0,0.0,5523.08899,5562.50883,5976.2621,5570.33529,5523.53392,5576.42438,5662.8518,-5.643,-14.002,-16.824,24.46351,24.18901,45.59951,-58.9941,-89.02977,4244534.21251,50.0,41.667,-1.0598,-1.58226,44.311,45.418,42.05,5429.443,5562.7687,5696.0944,-0.04649,0.02259,87.4954,51.627,46.734,5628.87027,5408.13025,6128.42046,5326.57106
000905.SH,20231212,5560.4355,5576.0089,5545.1624,5566.1778,5564.8538,1.324,0.0238,84232331.0,110639096.84,-2393.17695,-1267.19932,61.35295,5539.58223,1.043,0.541,-0.165,5456.687,5570.364,5684.042,94.7269,76.20178,42.44102,80.1008,-30.72464,-11.47217,40.71571,24.14711,22.8291,13.50916,0.0,3.0,-25.61221,-72.41716,5537.84934,5550.21271,5903.59015,5560.33039,5537.02997,5609.9605,5671.45004,-0.19236,-0.22914,5540.73273,5590.69007,94.10315,40.7934,58.56332,5420.65975,5546.70877,5672.75779,0.0,6.0,5527.6712,5570.36404,5978.9041,5570.41707,5518.39616,5580.81459,5669.42253,-4.022,-13.297,-15.308,24.32577,24.14301,52.16666,-4.2427,-107.69983,4252127.20191,50.0,38.889,-0.07616,-1.91175,51.912,48.79,59.53,5429.443,5562.7687,5696.0944,-0.0444,0.0255,101.94343,16.589,6.708,5620.67008,5400.25164,6130.22671,5328.14097
000905.SH,20231211,5473.6514,5574.1237,5429.443,5564.8538,5497.9897,66.8641,1.2162,118605911.0,140631297.82,-872.53815,-779.25691,61.73082,5533.09223,1.041,0.511,-0.22,5456.954,5573.583,5690.211,102.78507,88.4546,-36.85262,79.25349,-30.2026,-6.23834,38.74634,22.44918,28.53684,12.76078,0.0,2.0,-23.77336,-66.33712,5531.55413,5548.53218,5906.30029,5559.92712,5522.45605,5611.44466,5673.81571,-0.33494,-0.21871,5536.10635,5591.69058,72.63503,31.90845,45.48397,5412.13555,5545.05183,5677.96811,0.0,5.0,5530.20297,5573.58282,5981.38379,5569.15243,5497.24236,5584.29047,5675.22326,-12.658,-12.794,-19.123,24.19579,24.14385,45.17587,-58.1353,-115.3748,4243703.96881,41.667,37.5,-1.03389,-2.04849,51.741,48.708,59.211,5429.443,5562.7687,5696.0944,-0.04304,0.02726,106.1932,18.069,16.098,5603.86896,5384.1094,6130.44561,5328.33123
000905.SH,20231208,5484.6829,5522.0575,5477.5286,5497.9897,5481.1355,16.8542,0.3075,118123774.0,140788027.71,-2139.35339,-784.86789,56.52065,5527.97713,-0.18,-0.784,-1.453,5458.252,5575.619,5692.985,105.78002,96.60693,-88.1114,81.17231,-32.71655,-1.03261,33.70743,20.99896,31.34151,11.0073,0.0,1.0,-89.63152,-56.18479,5524.1542,5546.81411,5909.04283,5559.58735,5501.25718,5613.02401,5676.26429,-0.30379,-0.19313,5530.87954,5592.78595,30.53094,25.12068,26.9241,5433.80121,5547.39341,5660.98561,0.0,3.0,5530.36828,5575.61857,5983.74897,5568.53691,5496.08524,5586.68662,5680.5387,-24.736,-11.212,-23.58,24.02552,24.20733,45.13786,-74.9089,-121.97693,4231843.37771,41.667,37.5,-1.34416,-2.16378,42.214,44.378,38.973,5443.0738,5569.5841,5696.0944,-0.037,0.02796,104.60053,63.786,62.835,5610.74201,5390.71291,6131.72669,5329.44469
000905.SH,20231207,5475.2678,5501.4783,5443.2936,5481.1355,5481.824,-0.6885,-0.0126,89048687.0,103621973.82,-3610.01571,-713.18328,56.35595,5529.30573,-0.627,-1.199,-1.833,5467.505,5579.374,5691.243,96.05987,88.66681,-144.70289,68.44255,-27.75205,4.5309,26.84659,19.38505,30.77259,12.71932,1.0,0.0,-102.56607,-36.96128,5529.96854,5551.95352,5912.34447,5563.83546,5502.89092,5616.92348,5680.27046,-0.28561,-0.17222,5536.85951,5596.65519,18.40003,24.21897,22.27932,5434.52577,5552.46725,5670.40873,1.0,0.0,5537.61136,5579.37408,5986.41229,5568.33816,5509.86108,5590.09847,5685.68531,-27.996,-8.12,-22.118,24.02032,24.32853,44.64489,-159.9489,-123.74262,4220031.00031,33.333,37.5,-2.83543,-2.19284,39.452,43.22,31.873,5443.0738,5569.5841,5696.0944,-0.02425,0.02733,89.25483,78.404,74.241,5622.77574,5402.27474,6135.19933,5332.46297
000905.SH,20231206,5448.4575,5513.0858,5443.0738,5481.824,5460.4088,21.4152,0.3922,88373997.0,102084528.9,-4572.24891,-639.27091,56.24477,5543.52721,-0.831,-1.424,-1.842,5482.482,5584.92,5687.358,91.74661,87.84901,-168.71264,70.95595,-16.9641,9.36019,20.79864,18.91825,33.37039,13.01157,0.0,1.0,-90.67481,-12.99015,5540.82032,5559.40805,5915.80799,5569.53891,5513.76863,5621.52646,5684.74541,-0.29879,-0.14642,5546.99115,5601.37028,12.23035,25.1888,20.86931,5438.52078,5560.58986,5682.65894,0.0,1.0,5551.79672,5584.92014,5988.70889,5565.59811,5522.64406,5595.25256,5691.46758,-27.186,-4.62,-18.213,24.10316,24.46677,44.55641,-177.9487,-105.79012,4228935.86901,33.333,40.278,-3.1441,-1.87557,39.523,43.255,32.0,5443.0738,5569.5841,5696.0944,-0.0092,0.02498,89.37508,79.022,74.218,5635.69664,5414.68892,6140.26529,5336.86609
000905.SH,20231205,5542.8669,5542.8669,5460.4088,5460.4088,5559.0682,-98.6594,-1.7747,91298248.0,103824359.57,-3807.08772,-639.30599,55.57315,5560.46862,-1.544,-2.07,-2.209,5500.042,5591.23,5682.418,80.07526,80.03917,-186.42866,72.82942,-11.97817,12.46659,14.16374,17.60162,36.75927,13.2444,2.0,0.0,-102.245,16.52603,5553.93062,5567.57479,5919.29381,5575.58821,5529.74094,5626.26214,5689.30544,-0.30167,-0.11196,5558.83972,5606.24972,6.23499,27.34854,20.31069,5447.43991,5569.14375,5690.84759,22.0,0.0,5560.90418,5591.22981,5991.13303,5562.07059,5536.94624,5600.36741,5697.40988,-23.626,-1.222,-13.035,24.18749,24.60358,44.27308,-171.0145,-73.06607,4220098.46931,33.333,44.444,-3.03679,-1.29654,36.264,41.842,24.186,5460.4088,5578.2516,5696.0944,0.00611,0.02061,77.09186,100.0,100.0,5652.42842,5430.76456,6145.52742,5341.43972
000905.SH,20231204,5578.4205,5590.8353,5559.0682,5559.0682,5566.8689,-7.8007,-0.1401,99306543.0,119628388.29,-550.0221,-566.1968,53.26955,5577.38926,-0.084,-0.555,-0.479,5529.885,5598.764,5667.643,100.1648,98.78425,-53.07673,92.82472,0.90379,14.99394,7.57852,15.37286,26.20815,19.83911,1.0,0.0,10.86801,44.09923,5574.71324,5578.85543,5922.97963,5583.53162,5564.40701,5631.88429,5694.44918,-0.12021,-0.07225,5576.73625,5612.20241,29.66317,30.86746,30.46603,5463.35989,5577.69627,5692.03265,1.0,0.0,5578.97174,5598.76428,5993.77166,5558.45737,5563.16358,5606.52366,5702.47994,-11.575,1.731,-4.056,24.33083,24.7372,51.78367,-50.2925,-48.82197,4229228.29411,41.667,47.222,-0.89658,-0.86656,46.945,47.013,43.279,5509.9646,5603.0295,5696.0944,0.02029,0.01411,90.93594,73.619,42.063,5671.96912,5449.53895,6151.6176,5346.73306
000905.SH,20231201,5541.226,5576.7275,5521.0558,5566.8689,5545.0504,21.8185,0.3935,93371708.0,107454844.32,1298.70517,-950.86206,56.62623,5579.00718,0.023,-0.49,-0.317,5534.612,5601.064,5667.516,118.83007,109.55685,-89.94333,104.87506,8.06234,15.55584,6.15201,17.1565,25.98707,22.15166,0.0,1.0,37.14063,53.68005,5578.18992,5580.93829,5925.90261,5585.21875,5567.07642,5634.35263,5697.49145,-0.11046,-0.04519,5579.94863,5614.37115,17.88084,31.06818,26.6724,5458.53643,5578.54249,5698.54855,0.0,2.0,5589.04219,5601.06398,5995.9978,5549.49958,5564.65132,5609.71923,5706.5528,-11.519,3.178,-2.581,24.57664,24.86514,51.87908,-97.7481,-46.70602,4239158.94841,41.667,48.611,-1.72559,-0.82887,47.969,47.458,45.653,5509.9646,5603.0295,5696.0944,0.02882,0.00559,106.56598,69.428,47.963,5670.76265,5448.3798,6152.77788,5347.74152
000905.SH,20231130,5548.524,5560.3283,5509.9646,5545.0504,5553.3349,-8.2845,-0.1492,87841505.0,95350481.6,1468.35023,-1607.71906,57.75652,5584.72776,-0.537,-1.024,-0.692,5522.109,5598.238,5674.368,122.67563,107.14231,-137.17087,106.94773,11.81312,14.67272,8.29049,21.8085,26.49882,23.10075,2.0,0.0,25.70956,67.14117,5580.7057,5582.41928,5928.78642,5586.48426,5567.18018,5636.64021,5700.42679,-0.11438,-0.02453,5582.32676,5616.31002,7.63509,33.26606,24.72241,5464.38131,5581.03285,5697.68439,18.0,0.0,5595.49763,5598.23838,5998.23193,5544.72644,5565.36164,5612.59473,5710.53742,-12.149,4.618,-1.456,24.75277,24.94946,52.20466,-85.503,-28.43287,4229821.77761,41.667,50.0,-1.51855,-0.50595,44.887,46.092,37.684,5462.144,5579.1192,5696.0944,0.03788,-0.00449,107.26819,81.15,70.223,5675.11562,5452.56207,6154.30254,5349.06669
000905.SH,20231129,5588.7739,5593.3712,5547.8408,5553.3349,5591.4955,-38.1606,-0.6825,89509151.0,96924084.4,2505.3943,-2232.13048,58.9936,5588.38747,-0.471,-1.002,-0.504,5499.043,5593.958,5688.874,131.80771,122.35528,-91.25815,109.94984,14.83721,11.98791,11.92351,25.01868,25.95326,23.37733,1.0,0.0,41.26074,73.49584,5588.6291,5586.35285,5931.86864,5589.34176,5578.24507,5639.74495,5703.91839,-0.09857,-0.00708,5589.10428,5619.21858,7.89978,37.53789,27.65852,5467.88543,5585.51549,5703.14555,17.0,0.0,5601.92866,5593.95845,6000.81056,5542.02566,5580.94938,5616.42978,5715.51922,-7.828,6.137,2.223,24.84976,25.00708,51.94512,-52.2339,-19.54295,4238605.92811,50.0,51.389,-0.93182,-0.34849,45.832,46.532,39.517,5457.7453,5576.91985,5696.0944,0.04788,-0.0158,124.55356,85.711,78.259,5688.49553,5465.41728,6156.62283,5351.0834
000905.SH,20231128,5561.5765,5594.718,5529.5352,5591.4955,5566.5069,24.9886,0.4489,89373272.0,98930980.62,2486.2472,-2892.22722,58.62285,5594.0136,-0.049,-0.399,0.295,5491.435,5591.79,5692.145,143.40102,140.5811,-88.84504,105.67694,21.6136,7.17001,17.03786,28.62492,25.603,23.5936,0.0,1.0,86.42225,88.44153,5596.47226,5589.82842,5934.90907,5591.825,5590.70015,5642.67411,5707.30229,-0.10469,0.02081,5595.6078,5621.90771,18.07464,42.47758,34.34327,5468.32815,5587.69091,5707.05367,0.0,2.0,5613.05687,5591.79001,6003.36381,5541.06779,5584.86212,5620.04612,5720.50216,-2.145,7.115,6.042,24.92402,25.05482,51.30203,18.3956,10.9506,4247556.84321,58.333,52.778,0.33008,0.20221,50.303,48.58,48.594,5457.7453,5576.91985,5696.0944,0.05625,-0.02828,144.74463,62.8,62.8,5694.09623,5470.79834,6157.85678,5352.15589
000905.SH,20231127,5562.7486,5579.7151,5531.6548,5566.5069,5570.4205,-3.9136,-0.0703,98218653.0,107690772.12,-928.64797,-3669.39542,57.77654,5598.30899,-0.698,-0.817,0.008,5484.518,5588.627,5692.737,119.45324,116.49905,-136.87935,104.86643,21.85469,-0.08343,21.0395,32.12639,25.8912,22.27177,2.0,0.0,63.19421,98.8144,5597.57821,5589.65294,5937.66741,5591.84772,5590.30248,5644.40898,5709.90469,-0.11558,0.07389,5596.35549,5623.14902,5.65498,46.54473,32.91482,5475.34442,5589.3514,5703.35838,15.0,0.0,5616.96266,5588.62716,6005.86665,5541.19602,5594.7799,5620.92354,5725.1821,-0.878,7.383,6.945,24.98918,25.09946,43.94466,-25.5499,41.2715,4238619.51601,50.0,54.167,-0.4569,0.75874,47.212,47.119,41.228,5457.7453,5576.91985,5696.0944,0.06221,-0.04194,125.24545,78.806,78.806,5709.66609,5485.75761,6158.3267,5352.56433
000905.SH,20231124,5619.3187,5619.3187,5556.7138,5570.4205,5622.9891,-52.5686,-0.9349,101248044.0,100701104.77,-1422.50728,-4201.71189,59.20481,5601.82729,-0.819,-0.785,0.239,5482.295,5587.621,5692.948,121.31962,114.72889,-95.9445,132.84343,22.91856,-8.41131,23.1672,32.86372,22.47931,24.98168,1.0,0.0,68.35292,107.89187,5604.48294,5592.08936,5940.64862,5593.59536,5602.20026,5647.04973,5713.12711,-0.05339,0.11994,5601.78251,5625.46094,9.60559,53.35969,38.77499,5480.02512,5592.51552,5705.00592,14.0,0.0,5620.86885,5587.62122,6008.41629,5541.66801,5613.43306,5621.16861,5730.33778,6.092,7.493,10.539,25.09845,25.14672,51.46102,-37.5968,65.77267,4248441.38131,50.0,55.556,-0.67041,1.20227,47.637,47.321,42.013,5457.7453,5576.91985,5696.0944,0.06805,-0.05652,125.58236,85.421,85.421,5727.71067,5503.09457,6159.32755,5353.43423
000905.SH,20231123,5566.7332,5627.7947,5548.972,5622.9891,5572.8986,50.0905,0.8988,98042432.0,101151204.63,-2870.89206,-4684.4123,62.5594,5609.14181,0.001,0.096,1.398,5470.561,5583.702,5696.842,131.18997,116.14069,-43.90282,167.62202,20.5409,-17.38866,28.16099,32.9165,21.56421,32.88969,0.0,1.0,117.90736,110.92901,5612.05238,5594.37029,5943.62234,5595.19363,5618.09015,5649.64733,5716.334,0.01134,0.1631,5607.48469,5627.70749,31.31536,60.65204,50.87315,5486.12421,5593.60653,5701.08885,0.0,1.0,5621.13679,5583.70157,6011.08015,5543.76676,5625.63362,5622.53949,5735.60043,15.688,6.732,14.576,25.08257,25.1811,59.37495,11.8908,85.55917,4258566.18571,50.0,55.556,0.21192,1.55858,53.582,50.081,53.406,5380.9409,5538.51765,5696.0944,0.07071,-0.0717,124.88334,49.69,49.69,5736.47517,5511.51535,6159.62723,5353.6947
000905.SH,20231122,5622.8615,5639.0036,5572.8986,5572.8986,5641.0844,-68.1858,-1.2087,104718408.0,109971792.01,-4572.59971,-4934.30616,61.99323,5610.89319,-1.012,-0.779,0.645,5435.321,5572.499,5709.677,114.44163,102.71369,-29.84351,160.99007,14.09984,-27.09812,35.32652,31.48448,18.59141,33.52124,2.0,0.0,63.8376,113.12569,5609.62199,5591.35779,5946.19771,5593.2767,5615.64067,5650.55099,5718.43164,0.05567,0.19607,5604.66571,5627.90008,22.38137,65.54149,51.15478,5490.0321,5592.9421,5695.8521,12.0,0.0,5618.04356,5572.49881,6013.10624,5545.38852,5622.90794,5622.648,5739.37603,18.785,4.771,14.163,25.09852,25.24178,59.32802,-32.1635,103.28218,4248761.94251,50.0,55.556,-0.57383,1.87853,47.904,47.273,40.62,5337.4926,5516.7935,5696.0944,0.06867,-0.08673,108.17053,84.803,100.0,5739.41978,5514.3445,6160.1926,5354.1861
000905.SH,20231121,5669.1651,5696.0944,5634.2723,5641.0844,5659.7727,-18.6883,-0.3302,114861205.0,126740611.04,-3075.9958,-5060.62906,62.13402,5616.38135,0.029,0.388,1.96,5400.936,5562.654,5724.371,117.55941,110.58,103.89959,214.43414,13.29538,-38.16959,38.11384,30.13074,15.67272,33.23411,1.0,0.0,130.93484,117.51766,5617.78275,5593.30086,5949.19609,5594.68209,5637.0117,5653.18328,5721.70205,0.1234,0.19461,5610.44155,5630.14504,61.93172,72.73484,69.1338,5492.14372,5592.73246,5693.3212,1.0,0.0,5621.55543,5562.6538,6015.36913,5547.28485,5641.25162,5625.4507,5744.4464,32.216,2.422,18.531,25.13615,25.32415,59.97687,130.7274,131.73043,4259233.78331,58.333,55.556,2.37239,2.39455,56.534,51.017,58.98,5337.4926,5516.7935,5696.0944,0.06521,-0.10079,125.02038,37.867,53.614,5755.02572,5529.33843,6160.79338,5354.70827
000905.SH,20231120,5635.5867,5669.3846,5609.2691,5659.7727,5631.4233,28.3494,0.5034,103105072.0,119885024.78,-4396.67474,-5326.74266,62.68595,5605.921,0.465,0.916,2.388,5366.65,5548.2,5729.751,108.43601,100.49787,92.85748,203.98537,6.52278,-51.74688,40.21198,29.33159,17.30785,30.83252,0.0,2.0,148.65948,105.40911,5612.6046,5588.27101,5951.67088,5591.48193,5634.97536,5653.59341,5723.51368,0.07542,0.17603,5604.87012,5629.69853,68.83153,74.53536,72.63408,5487.20981,5585.95163,5684.69345,0.0,2.0,5618.55682,5548.20019,6017.16358,5546.92775,5639.14542,5626.61227,5748.2597,36.995,-1.605,16.893,25.19188,25.41168,53.27047,200.321,144.38167,4270719.90381,66.667,54.167,3.66925,2.63704,59.214,52.102,65.769,5290.5047,5487.626,5684.7473,0.05475,-0.11351,127.63229,18.648,20.872,5749.34143,5523.87706,6162.85744,5356.50226
000905.SH,20231117,5598.953,5632.3894,5593.4903,5631.4233,5609.3607,22.0626,0.3933,89422342.0,101443839.22,-5269.86478,-5337.9642,67.37255,5593.92199,0.219,0.71,1.925,5323.803,5529.728,5735.653,103.79021,92.59423,58.9947,141.50258,-0.76888,-67.43714,43.21329,29.80669,17.57363,26.51541,0.0,1.0,117.65903,83.66473,5602.1228,5580.74452,5954.01545,5586.77222,5622.57669,5653.38394,5724.94606,0.04266,0.154,5594.88783,5628.47102,53.85359,75.486,68.2752,5473.11695,5579.61579,5686.11463,0.0,1.0,5613.08576,5529.72827,6019.0078,5546.87144,5628.30464,5628.57934,5751.6134,37.767,-6.229,12.654,25.27275,25.5001,46.1389,121.4571,143.8451,4260409.39661,58.333,51.389,2.20432,2.63656,56.336,50.575,59.939,5269.8274,5477.28735,5684.7473,0.04162,-0.12433,110.73924,39.366,39.816,5738.30496,5513.2734,6164.84655,5358.23111
000905.SH,20231116,5647.0613,5652.4004,5609.3607,5609.3607,5664.617,-55.2563,-0.9755,94662677.0,105765074.96,-4775.76401,-5525.71111,68.43698,5587.08202,-0.057,0.497,1.564,5314.025,5519.341,5724.657,101.31371,97.1082,72.84269,130.64996,-15.03501,-85.89098,42.56024,30.81608,14.79573,30.89496,1.0,0.0,86.57579,69.24748,5595.61158,5575.40991,5956.60655,5583.69283,5618.15338,5654.12837,5727.0477,0.15249,0.12901,5588.24502,5628.35051,58.77987,79.0914,72.32089,5461.08491,5575.45945,5689.83399,2.0,0.0,5600.97913,5519.34085,6021.01913,5548.84965,5616.63996,5632.6283,5755.5815,41.793,-10.95,9.947,25.3047,25.5915,53.2977,81.1222,163.60967,4251467.16241,50.0,51.389,1.46741,3.01669,54.021,49.371,54.966,5269.8274,5477.28735,5684.7473,0.02784,-0.13312,111.60106,33.866,56.29,5727.77386,5503.15527,6167.21385,5360.28867
000905.SH,20231115,5677.5503,5684.7473,5649.7168,5664.617,5630.5534,34.0636,0.605,113087937.0,131864342.62,-4095.57309,-5890.81995,68.98507,5583.20334,0.932,1.61,2.546,5309.751,5512.074,5714.397,107.45729,107.31588,136.3117,126.14314,-33.34177,-104.51304,37.67201,30.4353,8.95022,40.48681,0.0,3.0,131.08742,60.57025,5592.55622,5571.83615,5959.39567,5581.92264,5622.54972,5655.64592,5729.69235,0.37304,0.08237,5584.4058,5629.12561,93.97136,82.47666,86.30823,5452.03642,5570.38074,5688.72506,0.0,23.0,5585.98823,5512.07416,6023.14732,5551.0158,5613.17918,5636.35921,5760.15329,49.533,-16.174,8.593,25.44666,25.6963,60.06145,118.2289,203.03647,4260933.43011,50.0,54.167,2.13164,3.77295,61.508,52.436,74.19,5269.8274,5477.28735,5684.7473,0.01161,-0.14034,111.9509,8.868,15.031,5723.88924,5499.42299,6170.28636,5362.95918
000905.SH,20231114,5602.9829,5639.188,5600.7841,5630.5534,5605.5688,24.9846,0.4457,101073136.0,116072656.38,-5285.4348,-6214.79727,70.06968,5569.13364,0.485,1.178,1.924,5315.031,5505.073,5695.115,106.73002,99.62253,96.1058,106.74934,-50.92082,-122.00619,27.64244,27.76112,13.08991,34.83486,0.0,2.0,90.18941,42.38873,5576.54271,5562.06974,5961.76337,5576.21958,5601.51608,5655.34182,5731.15472,0.2988,0.00327,5569.82195,5627.67698,90.82996,80.56088,83.98391,5445.149,5560.27762,5675.40624,0.0,21.0,5570.52315,5505.07325,6025.02271,5550.41704,5601.85924,5639.94523,5764.49374,46.957,-22.366,1.113,25.59279,25.77289,53.03038,138.526,214.5689,4249624.63641,50.0,56.944,2.52231,3.99362,58.237,50.625,68.537,5269.8274,5454.5077,5639.188,-0.00916,-0.14612,96.52125,4.759,9.771,5711.83785,5487.8442,6173.42027,5365.68304
000905.SH,20231113,5589.0595,5605.5688,5565.0914,5605.5688,5573.0999,32.4689,0.5826,102158932.0,117833772.4,-6251.8126,-6333.85393,70.29199,5561.53735,0.115,0.939,1.472,5317.344,5503.313,5689.281,96.76138,90.3669,73.6591,96.48952,-61.42405,-138.33474,22.14764,27.51896,12.63305,36.4242,0.0,1.0,58.28353,26.95354,5564.54034,5554.86093,5964.42369,5572.47242,5586.99742,5656.1821,5733.41542,0.3351,-0.06639,5558.77987,5627.55958,77.36714,78.84936,78.35529,5436.52255,5553.62173,5670.72091,0.0,2.0,5560.29166,5503.3127,6026.48737,5551.62074,5597.96822,5644.71606,5769.06884,46.508,-28.235,-4.982,25.66131,25.83232,53.3168,206.6348,214.98708,4239517.32281,50.0,58.333,3.82733,4.00343,55.706,49.268,63.674,5269.8274,5453.95395,5638.0805,-0.02915,-0.15052,83.64176,18.028,36.617,5708.3051,5484.44999,6176.74005,5368.56846
000905.SH,20231110,5577.3371,5585.2123,5550.8219,5573.0999,5592.0568,-18.9569,-0.339,94324024.0,109671917.97,-6249.51143,-6396.95474,72.11303,5553.15807,-0.182,0.666,0.866,5318.537,5502.068,5685.598,98.50196,90.9208,59.47016,84.71142,-66.85498,-153.71906,18.4512,29.83343,12.20972,33.09713,3.0,0.0,18.19319,-2.40092,5555.4229,5549.52326,5967.30606,5570.18991,5577.71172,5657.89781,5736.28838,0.30807,-0.13755,5550.27279,5628.45716,71.44871,79.0964,76.54717,5425.24506,5549.57388,5673.9027,4.0,0.0,5554.37359,5502.06759,6028.05631,5554.729,5597.86688,5649.84575,5773.43729,47.809,-34.049,-10.144,25.7224,25.88584,53.54304,197.1016,178.17432,4229301.42961,50.0,58.333,3.66633,3.32257,52.26,47.469,56.37,5269.8274,5453.95395,5638.0805,-0.0495,-0.1538,82.08765,36.033,36.934,5707.63572,5483.80686,6179.78418,5371.21429
000905.SH,20231109,5602.49,5638.0805,5582.1194,5592.0568,5608.0173,-15.9605,-0.2846,106362800.0,123039510.74,-5369.83066,-6637.51411,72.79084,5548.23651,0.498,1.309,1.144,5315.116,5505.082,5695.047,108.46117,100.98084,94.58284,85.3446,-76.55369,-168.95142,16.40009,32.10308,21.30611,29.64282,2.0,0.0,31.15553,-35.87811,5551.49468,5547.04151,5970.47238,5569.98922,5580.01763,5660.77231,5739.95553,0.04253,-0.20757,5546.12241,5630.71664,87.77009,80.37101,82.83737,5404.69887,5547.45415,5690.20943,3.0,0.0,5546.26634,5505.08175,6029.52849,5556.02296,5585.3183,5657.48926,5777.52038,53.49,-40.025,-13.28,25.82115,25.92993,53.39708,240.0445,122.67562,4238733.83201,58.333,56.944,4.48513,2.30675,54.531,48.43,62.482,5269.8274,5457.95055,5646.0737,-0.07119,-0.156,93.69928,17.898,25.521,5694.29173,5470.98618,6182.51404,5373.58697
000905.SH,20231108,5602.9707,5633.9706,5577.3911,5608.0173,5611.0983,-3.081,-0.0549,122994558.0,139708501.03,-5835.82869,-7287.38697,72.39431,5541.89373,1.033,1.968,1.357,5308.914,5509.061,5709.208,107.43654,100.00196,111.37484,88.6538,-96.61483,-182.87972,19.07193,38.13049,25.89688,29.14774,1.0,0.0,34.51242,-65.19136,5542.48087,5542.30306,5973.51186,5568.46732,5573.99805,5663.10165,5743.2791,-0.04386,-0.25859,5537.7707,5632.29459,102.7743,79.13784,87.01666,5396.43004,5541.49294,5686.55584,1.0,0.0,5526.95406,5509.061,6030.38869,5557.98794,5558.79728,5664.65082,5781.4121,55.384,-46.711,-19.019,25.9335,25.93678,53.90607,317.683,70.8848,4249370.11201,66.667,55.556,6.00497,1.34808,56.423,49.234,67.627,5269.8274,5473.82325,5677.8191,-0.09661,-0.15722,95.95223,8.754,14.727,5669.0562,5446.74028,6186.04599,5376.65679
000905.SH,20231107,5594.4667,5631.1001,5578.5126,5611.0983,5605.0621,6.0362,0.1077,120579321.0,139898836.82,-5737.13177,-7917.16638,72.38442,5524.085,1.332,2.517,1.362,5307.638,5510.15,5712.661,102.60184,96.76266,131.84369,89.09686,-122.47759,-193.32046,23.19859,45.05466,30.77481,28.628,0.0,3.0,21.9983,-94.07142,5527.91722,5535.38577,5976.44756,5565.73973,5556.98843,5664.96892,5746.31869,-0.12281,-0.32378,5524.99859,5633.2855,106.56364,75.19842,85.65349,5386.70702,5534.65434,5682.60166,0.0,16.0,5503.75216,5510.14957,6031.08381,5560.65072,5539.18706,5672.28557,5785.18971,51.882,-53.634,-27.693,25.90619,25.90445,54.53471,187.4235,0.41353,4261669.56781,66.667,52.778,3.45566,0.03617,56.771,49.385,68.535,5269.8274,5473.82325,5677.8191,-0.1239,-0.15732,98.1352,6.812,11.538,5649.89587,5428.33132,6189.3976,5379.56988
000905.SH,20231106,5549.2909,5609.2576,5549.2909,5605.0621,5510.357,94.7051,1.7187,139241046.0,156664899.02,-4508.8902,-8464.81995,72.3075,5505.08779,1.42,2.7,1.226,5306.517,5511.113,5715.709,111.79688,106.13348,124.95306,84.02877,-150.37979,-200.01723,27.87981,51.76912,33.45793,26.07347,0.0,2.0,-2.42172,-119.33578,5509.43254,5527.41603,5979.38209,5562.61156,5529.93349,5666.79504,5749.35735,-0.18223,-0.37427,5509.3441,5634.1911,105.71759,69.97089,81.88646,5375.04717,5527.04915,5679.05113,0.0,15.0,5477.84356,5511.11322,6032.49143,5564.2704,5522.6151,5680.27944,5788.25565,42.889,-60.12,-38.675,25.94937,25.83648,47.1031,141.0351,-51.69935,4249611.63571,58.333,50.0,2.58116,-0.90784,56.286,49.091,67.83,5269.8274,5474.14525,5678.4631,-0.15026,-0.15609,96.87235,1.316,2.769,5633.82023,5412.8861,6192.75005,5382.48369
000905.SH,20231103,5462.144,5537.7293,5462.144,5510.357,5459.4517,50.9053,0.9324,97990576.0,114009935.83,-7147.33386,-9165.83505,70.1833,5490.17788,0.048,1.183,-0.53,5303.084,5513.764,5724.445,103.66583,91.92436,39.82014,66.42244,-185.30728,-202.61762,32.89028,55.8751,35.49553,20.70472,0.0,1.0,-117.84327,-150.65654,5488.18152,5519.24276,5982.38868,5559.68393,5492.36919,5668.88768,5752.59994,-0.26733,-0.42433,5491.94082,5635.38004,92.77854,64.01311,73.60158,5357.65559,5520.64693,5683.63827,0.0,2.0,5446.37078,5513.76428,6033.95758,5567.59044,5510.8803,5689.00434,5792.54213,27.932,-65.481,-51.515,25.98244,25.69135,38.81312,-14.2418,-98.1654,4235687.53111,50.0,48.611,-0.25779,-1.74587,47.877,44.211,54.5,5269.8274,5475.3895,5680.9516,-0.17279,-0.15363,81.09235,17.047,27.637,5621.93964,5401.47142,6195.66581,5385.01795
000905.SH,20231102,5514.5172,5532.8505,5457.7453,5459.4517,5509.9662,-50.5145,-0.9168,90202645.0,101795786.0,-8426.85243,-9460.32917,67.7833,5489.57724,-0.541,0.226,-1.589,5298.453,5522.785,5747.116,92.47946,80.12686,11.97666,65.45323,-201.25557,-199.72422,41.21565,58.67078,40.96622,20.27088,3.0,0.0,-182.66993,-178.8336,5483.25364,5520.17811,5986.1801,5563.08579,5483.37528,5674.2616,5758.04361,-0.33882,-0.46516,5488.59243,5640.48302,90.30264,59.21887,69.58013,5363.08796,5522.46134,5681.83472,4.0,0.0,5437.70256,5522.78491,6035.39528,5573.98194,5507.21438,5698.80983,5799.38387,22.922,-68.972,-57.511,25.98696,25.46277,32.1361,-135.8906,-134.36467,4225888.47351,41.667,47.222,-2.42864,-2.38799,42.42,41.312,44.132,5269.8274,5487.2251,5704.6228,-0.18825,-0.1502,70.09122,34.603,45.136,5614.73418,5394.54853,6196.13477,5385.42554
000905.SH,20231101,5534.8883,5534.9432,5496.8278,5509.9662,5528.2385,-18.2723,-0.3305,87185785.0,105639439.6,-7335.34631,-9544.82711,67.01092,5498.86194,0.634,0.944,-0.792,5301.895,5533.53,5765.164,91.78882,77.92461,27.2124,71.60668,-208.27332,-193.91507,47.80608,60.6311,40.47332,20.66743,2.0,0.0,-144.72394,-201.01831,5488.54296,5526.57036,5990.41085,5570.23297,5495.33707,5681.54329,5764.75354,-0.32816,-0.46235,5493.89074,5647.87205,106.93812,54.03824,71.67153,5368.98245,5526.57841,5684.17437,2.0,0.0,5438.16009,5533.52958,6037.14509,5582.51346,5495.11084,5709.11005,5806.84979,25.385,-71.837,-59.145,25.86222,25.15344,32.09997,-70.7004,-158.73038,4234908.73801,50.0,45.833,-1.26688,-2.81413,46.885,43.459,54.379,5269.8274,5487.2251,5704.6228,-0.20168,-0.1462,70.33596,17.181,22.411,5595.9077,5376.46033,6199.07392,5387.98014
000905.SH,20231031,5547.3243,5554.1902,5505.9335,5528.2385,5546.3881,-18.1496,-0.3272,105679375.0,127527068.56,-6476.00136,-9566.46326,66.88636,5493.96716,1.455,1.169,-0.568,5303.898,5540.364,5776.83,99.99487,79.71712,27.74226,72.19886,-214.2063,-186.52783,57.18905,62.67154,39.22192,20.81201,1.0,0.0,-138.768,-234.84941,5483.78224,5528.31817,5994.26984,5574.3893,5488.0225,5687.35947,5770.47909,-0.30531,-0.44884,5490.96793,5653.50087,107.85069,45.22159,66.09796,5362.76157,5527.91167,5693.06177,1.0,0.0,5439.62335,5540.36399,6038.93275,5591.21211,5468.31726,5718.92526,5813.93919,18.994,-75.011,-65.513,25.73951,24.76979,38.89391,-105.1446,-203.40655,4243627.31651,50.0,41.667,-1.86646,-3.59511,48.581,44.257,58.472,5269.8274,5487.2251,5704.6228,-0.21696,-0.1416,81.54385,18.274,11.715,5570.37227,5351.9263,6200.20787,5388.96572
000905.SH,20231030,5484.624,5559.7847,5483.1591,5546.3881,5492.0274,54.3607,0.9898,123034185.0,153066651.4,-6882.82066,-9395.81995,66.46529,5477.19994,2.535,1.339,-0.361,5304.622,5547.285,5789.949,103.05438,84.77186,20.31773,74.51121,-215.26721,-178.4753,66.91073,64.20935,39.82342,20.65194,0.0,5.0,-129.58781,-281.61461,5473.90307,5528.32655,5998.01306,5577.57211,5467.9145,5692.7534,5775.9227,-0.32219,-0.43432,5484.19146,5658.61361,94.19339,34.78341,54.58674,5363.68054,5527.74932,5691.8181,0.0,8.0,5446.33373,5547.28528,6040.61524,5599.42851,5433.07202,5728.25867,5820.25663,5.671,-77.385,-74.549,25.49839,24.30736,39.25415,-125.2538,-249.88425,4254195.25401,50.0,37.5,-2.20842,-4.41195,50.235,45.043,62.357,5269.8274,5487.2251,5704.6228,-0.22948,-0.13622,96.13241,16.091,4.62,5531.66958,5314.74136,6200.78587,5389.46809
000905.SH,20231027,5387.2742,5514.3081,5380.9409,5492.0274,5398.934,93.0934,1.7243,112542804.0,132776259.32,-8655.10514,-9179.49521,67.45953,5462.40255,1.915,0.155,-1.465,5303.42,5554.907,5806.393,90.33787,75.78846,-28.66145,68.96452,-219.1786,-170.58927,75.65842,64.10305,41.48461,16.75285,0.0,4.0,-190.34631,-308.45908,5457.79529,5526.42534,6001.64057,5579.72273,5428.6777,5697.71493,5781.08078,-0.41663,-0.41622,5472.88298,5663.19425,64.67823,24.88174,38.14724,5363.41254,5527.53584,5691.65914,0.0,6.0,5449.76158,5554.90671,6042.32058,5604.83633,5381.86126,5736.5396,5825.7865,-17.504,-78.094,-86.846,25.07861,23.79094,31.36449,-137.7612,-266.17188,4241891.83551,50.0,34.722,-2.447,-4.70203,45.103,42.089,54.874,5269.8274,5487.2251,5704.6228,-0.23555,-0.13021,80.65292,39.371,9.113,5486.56366,5271.40431,6201.42818,5390.02637
000905.SH,20231026,5351.1628,5404.9918,5337.4926,5398.934,5375.9983,22.9357,0.4266,102485044.0,116893043.69,-11868.55933,-8734.72713,63.66525,5453.93661,0.274,-1.749,-3.289,5309.981,5560.901,5811.822,68.93282,59.15184,-84.47267,49.58492,-215.83669,-162.05574,78.85993,63.32908,49.35745,6.64455,0.0,3.0,-286.9056,-318.85701,5450.18815,5530.04617,6005.73385,5585.77068,5397.00285,5704.68739,5787.57637,-0.63057,-0.38624,5469.40218,5670.18065,34.04096,18.249,23.51299,5385.98149,5534.38957,5682.79765,0.0,3.0,5463.89715,5560.90127,6044.49516,5611.85878,5368.19074,5744.35888,5831.91994,-39.674,-75.906,-95.743,24.61096,23.30564,23.7075,-231.4374,-276.98455,4230637.55511,41.667,31.944,-4.11052,-4.89019,34.498,36.485,37.001,5269.8274,5487.2251,5704.6228,-0.22984,-0.12388,67.77462,65.686,50.352,5479.13195,5264.26404,6206.48278,5394.41961
000905.SH,20231025,5386.4255,5423.0139,5375.9983,5375.9983,5352.0123,23.986,0.4482,114921244.0,129741397.09,-12133.62277,-7886.48755,62.23125,5458.09518,-0.539,-2.508,-3.917,5331.218,5573.505,5815.791,65.25326,59.7689,-94.6282,48.87163,-201.02223,-154.72666,76.1259,61.08278,47.16107,7.25409,0.0,2.0,-315.77823,-303.9065,5461.57796,5543.84745,6010.60775,5598.65597,5396.03728,5715.05191,5796.3099,-0.57724,-0.32725,5482.21458,5681.25194,21.73293,15.617,17.65564,5406.07699,5550.59133,5695.10567,0.0,2.0,5491.16794,5573.50488,6046.96181,5624.907,5381.20934,5754.40232,5838.90637,-50.562,-70.946,-96.227,24.13098,22.86381,30.05329,-282.0849,-267.44798,4220389.05071,33.333,30.556,-4.98552,-4.71461,31.509,35.0,31.425,5269.8274,5487.2251,5704.6228,-0.21253,-0.11763,57.28408,73.977,66.422,5498.57432,5282.94396,6220.50919,5406.61079
000905.SH,20231024,5311.6694,5363.1951,5290.5047,5352.0123,5290.3343,61.678,1.1659,114745729.0,126190795.98,-11213.66743,-7110.81102,61.1446,5480.9831,-1.648,-3.355,-4.587,5359.872,5589.1,5818.328,69.42513,61.80119,-152.66864,37.86163,-189.44528,-149.74517,73.45612,58.98057,47.752,2.86176,0.0,1.0,-347.71055,-273.3838,5480.59566,5561.51579,6015.70501,5614.01168,5406.05676,5726.54526,5805.75511,-0.63276,-0.27035,5501.52663,5693.71127,7.92735,14.59768,12.37424,5425.72954,5567.31988,5708.91022,0.0,1.0,5516.54697,5589.1,6049.35157,5638.66422,5410.92944,5765.07953,5845.94619,-56.969,-64.626,-93.111,23.56032,22.48718,28.53154,-338.7574,-223.19655,4208896.92631,25.0,31.944,-5.95275,-3.93292,28.377,33.441,25.693,5269.8274,5491.71385,5713.6003,-0.18913,-0.11224,57.14811,79.856,75.065,5529.36127,5312.52357,6236.65094,5420.64053
000905.SH,20231023,5400.5436,5400.7943,5269.8274,5290.3343,5423.6748,-133.3405,-2.4585,103083126.0,112227737.48,-11519.04117,-6523.11485,60.93191,5511.49832,-3.457,-4.954,-5.979,5399.248,5607.484,5815.72,70.56587,56.37128,-219.75908,35.35971,-176.38373,-146.11394,68.15403,52.31126,51.25912,2.98451,4.0,0.0,-419.35918,-239.79731,5509.16975,5583.56879,6021.03588,5632.0806,5433.079,5739.24129,5815.95157,-0.63478,-0.21083,5528.71105,5707.65817,-5.95039,15.70941,8.48947,5454.52159,5591.74961,5728.97763,360.0,0.0,5544.38288,5607.48382,6051.26487,5654.58994,5459.59544,5774.49123,5852.76992,-55.663,-57.505,-85.336,22.9649,22.2064,20.73059,-384.0108,-178.46025,4197422.35341,25.0,33.333,-6.76749,-3.14825,19.724,29.258,9.48,5269.8274,5502.00675,5734.1861,-0.16174,-0.1082,54.84998,94.982,94.405,5579.79813,5360.98252,6260.49815,5441.36755
000905.SH,20231020,5443.4557,5473.2111,5413.0233,5423.6748,5464.027,-40.3522,-0.7385,94936115.0,107713531.63,-10092.27507,-5980.04464,56.24833,5558.4934,-2.046,-3.115,-3.954,5475.173,5628.2,5781.228,74.83803,60.24479,-194.73198,47.49792,-156.37328,-143.46838,61.50796,46.12001,40.02005,3.43573,3.0,0.0,-290.65465,-184.50325,5557.79984,5614.43557,6026.90497,5655.64931,5504.45134,5754.45848,5827.7632,-0.31348,-0.15973,5572.05228,5724.6918,-7.97557,19.31937,10.22106,5502.57945,5620.32129,5738.06313,357.0,0.0,5581.15777,5628.20027,6053.38534,5669.93889,5517.6619,5785.07941,5860.51077,-34.69,-50.547,-67.892,22.39986,22.03885,28.21668,-222.9796,-123.54472,4207730.66601,33.333,34.722,-3.94888,-2.18009,25.933,33.638,15.62,5413.0233,5577.0472,5741.0711,-0.13418,-0.10579,55.21607,96.024,95.43,5636.19309,5415.16591,6293.76667,5470.28318
000905.SH,20231019,5496.7574,5529.8697,5463.6516,5464.027,5524.5988,-60.5718,-1.0964,108078335.0,117347195.29,-9271.83189,-5613.57996,55.33935,5591.25674,-2.048,-2.717,-3.443,5518.152,5642.122,5766.091,75.41981,61.27304,-214.54355,49.4238,-143.16403,-142.89315,52.54767,41.75771,31.77582,7.53216,2.0,0.0,-252.73389,-144.62309,5587.60541,5634.51565,6031.75019,5671.64755,5544.83962,5765.67148,5836.84384,-0.20656,-0.142,5599.03,5736.97821,-7.76146,23.86853,13.3252,5527.89672,5639.65654,5751.41636,356.0,0.0,5607.86726,5642.12163,6054.42867,5680.46301,5559.60356,5793.44291,5866.73016,-24.01,-46.211,-58.216,22.16683,22.01007,36.12078,-202.6372,-94.38925,4217224.27751,33.333,34.722,-3.57595,-1.66194,28.414,35.164,18.67,5463.6516,5602.36135,5741.0711,-0.11659,-0.10503,65.2252,99.844,99.825,5676.79453,5454.17514,6311.35029,5485.56614
000905.SH,20231018,5586.0206,5586.0206,5519.4562,5524.5988,5595.3423,-70.7435,-1.2643,98953562.0,110310590.72,-7551.70776,-5598.43547,56.49973,5615.24717,-1.45,-1.934,-2.543,5557.392,5654.69,5751.988,70.98944,61.40065,-206.85379,48.44062,-134.40097,-143.99496,47.79822,39.54138,30.33834,7.61634,1.0,0.0,-197.2025,-117.8594,5615.06728,5652.46183,6036.31021,5685.96621,5585.24592,5775.89672,5845.22174,-0.17469,-0.12499,5623.576,5748.11907,1.42387,29.1402,19.90142,5545.39905,5655.84677,5766.29449,355.0,0.0,5628.89907,5654.69014,6055.11541,5690.83389,5601.12654,5802.266,5873.76437,-11.836,-43.21,-49.128,21.96,22.06477,36.79356,-174.218,-73.09548,4228032.11101,33.333,34.722,-3.05709,-1.2847,32.723,37.62,24.702,5519.4562,5644.93515,5770.4141,-0.10393,-0.10551,65.29657,97.223,96.753,5714.63759,5490.53415,6325.06788,5497.4889
000905.SH,20231017,5585.1448,5599.424,5556.5739,5595.3423,5580.6666,14.6757,0.263,92516737.0,105060399.67,-4769.56824,-5819.62494,54.2319,5635.42836,-0.501,-0.933,-1.488,5576.577,5667.006,5757.436,83.25696,76.13205,-181.51937,57.5851,-133.68101,-146.20068,46.03966,37.47588,29.47102,7.99548,0.0,1.0,-132.64206,-100.6968,5635.17139,5665.9211,6040.42035,5697.09499,5615.56949,5784.41529,5852.42675,-0.1593,-0.11676,5641.57186,5757.24235,17.8713,33.75958,28.46349,5565.29229,5667.68763,5770.08297,0.0,1.0,5641.10463,5667.0065,6055.87326,5699.02445,5622.1645,5810.21935,5880.2157,-2.5,-41.73,-42.98,21.87118,22.21286,37.36872,-16.5763,-56.01425,4237927.46721,41.667,36.111,-0.29538,-0.98485,39.064,40.81,36.034,5556.5739,5675.20145,5793.829,-0.0971,-0.10714,80.38578,73.814,68.194,5734.88611,5509.98861,6333.73487,5505.02189
000905.SH,20231016,5633.3012,5636.3194,5559.4212,5580.6666,5633.3831,-52.7165,-0.9358,89867550.0,107684372.83,-4719.57333,-6457.68366,56.96464,5646.98855,-0.946,-1.217,-1.886,5580.323,5675.976,5771.628,86.82034,79.78181,-213.23264,73.83115,-136.40684,-147.94597,44.50502,35.03353,28.84004,7.92715,2.0,0.0,-146.19157,-89.60138,5644.02229,5673.35044,6043.99527,5704.11242,5625.68308,5790.82455,5858.20393,-0.14681,-0.11634,5649.97723,5763.85051,15.99112,36.40763,29.60213,5574.72763,5676.52001,5778.31239,350.0,0.0,5648.23682,5675.97591,6056.57942,5700.65105,5629.17032,5817.17514,5885.28368,-0.588,-41.418,-41.711,21.87561,22.43602,37.54265,-70.3396,-62.80388,4228675.79351,33.333,36.111,-1.24473,-1.10275,36.733,39.795,30.524,5559.4212,5680.81325,5802.2053,-0.09482,-0.10979,81.26451,85.368,82.518,5746.10291,5520.76554,6338.72065,5509.35533
000905.SH,20231013,5645.4366,5646.0737,5616.8508,5633.3831,5671.6419,-38.2588,-0.6746,89391702.0,110878380.41,-4207.42434,-7220.51943,55.5686,5658.73454,-0.335,-0.387,-1.139,5596.455,5682.374,5768.293,91.03618,82.39457,-123.95241,76.95585,-133.84336,-149.03007,36.46849,31.9297,23.49207,8.01564,1.0,0.0,-87.59481,-71.40942,5658.10134,5683.10664,6047.71679,5712.62593,5648.19132,5797.94854,5864.44072,-0.09968,-0.11836,5662.57917,5771.32741,31.64132,39.81038,37.08736,5579.68774,5685.40256,5791.11738,1.0,0.0,5660.05184,5682.37371,6057.33483,5700.66922,5644.65364,5824.67267,5890.47407,6.706,-41.344,-37.991,21.95962,22.70202,37.41204,-54.5176,-64.43998,4237662.54851,33.333,37.5,-0.95848,-1.12679,42.027,42.292,41.129,5603.8126,5703.00895,5802.2053,-0.09339,-0.11319,79.67557,70.667,81.164,5760.09718,5534.21101,6344.42032,5514.30925
000905.SH,20231012,5655.6129,5677.8191,5642.4931,5671.6419,5629.7886,41.8533,0.7434,100502986.0,119947478.38,-3386.1635,-8138.87988,57.2582,5662.19257,0.22,0.209,-0.553,5602.553,5685.84,5769.126,96.28991,92.5887,-19.78822,73.60674,-142.54583,-150.93586,30.73206,29.57045,19.8955,10.61306,0.0,1.0,-51.37373,-67.15651,5663.59428,5688.34069,6051.04477,5718.09095,5655.59543,5803.52703,5869.63303,-0.06512,-0.1276,5667.88754,5776.95779,56.29608,41.1719,46.21329,5584.76019,5691.01309,5797.26599,0.0,3.0,5657.90539,5685.8396,6058.48151,5701.31221,5656.13096,5831.51726,5895.2288,8.249,-42.182,-38.058,22.22719,23.00282,45.11182,-48.0468,-72.08462,4246601.71871,33.333,37.5,-0.84002,-1.25677,46.485,44.221,52.068,5603.8126,5703.00895,5802.2053,-0.09563,-0.1172,96.06675,32.716,38.018,5772.0313,5545.67714,6347.22897,5516.75041
000905.SH,20231011,5639.0722,5674.2543,5617.8727,5629.7886,5630.3714,-0.5828,-0.0104,90644826.0,112202131.19,-4376.85749,-9149.70434,57.47258,5662.50674,-0.446,-0.601,-1.336,5597.219,5691.777,5786.334,116.4837,102.93565,-103.89344,63.84745,-151.20737,-151.92785,30.96775,28.05615,20.36705,10.21882,3.0,0.0,-92.15171,-74.53738,5661.80592,5690.09846,6054.09218,5721.29433,5647.57219,5807.99772,5874.08227,-0.09703,-0.14003,5667.20493,5781.2564,29.73116,38.6512,35.67785,5589.44755,5693.85819,5798.26883,7.0,0.0,5655.84182,5691.77653,6059.02022,5699.90748,5656.6716,5836.36979,5899.15673,3.458,-43.214,-41.485,22.49502,23.31977,37.28409,-74.8746,-74.40487,4236551.42011,33.333,37.5,-1.31252,-1.29769,40.116,41.42,36.725,5603.8126,5703.00895,5802.2053,-0.09869,-0.1218,100.84019,74.233,86.264,5773.48243,5547.07135,6348.20938,5517.60254
000905.SH,20231010,5665.6622,5678.4631,5627.4139,5630.3714,5658.0832,-27.7118,-0.4898,87726425.0,104621240.81,-5336.70566,-9966.2406,57.17407,5672.67145,-0.544,-0.7,-1.43,5600.731,5699.723,5798.715,84.42835,138.45898,-99.11627,62.13448,-153.13301,-151.28353,31.28453,26.11832,28.82055,9.78321,2.0,0.0,-94.22691,-72.69405,5668.92088,5696.44687,6057.50024,5727.60507,5656.46399,5814.0387,5879.57202,-0.17488,-0.1437,5674.0079,5787.43876,41.62374,40.13787,40.63316,5596.47222,5699.46026,5802.4483,6.0,0.0,5661.65303,5699.72285,6060.05947,5703.61655,5660.04476,5843.02718,5903.65889,5.304,-43.646,-40.994,22.84853,23.65993,37.21908,-71.7306,-67.93187,4245615.90271,41.667,38.889,-1.25797,-1.18426,40.177,41.447,36.862,5603.8126,5712.93705,5822.0615,-0.09933,-0.12721,124.45535,75.809,96.169,5777.07985,5550.52769,6351.30726,5520.29509
000905.SH,20231009,5679.6412,5680.9516,5634.3532,5658.0832,5690.7697,-32.6865,-0.5744,90029836.0,109095282.39,-6088.33916,-10771.9766,58.57068,5683.17486,-0.255,-0.317,-1.046,5600.96,5709.693,5818.427,83.28735,125.79886,-73.93182,73.35438,-149.92814,-150.12117,28.9121,24.51946,28.68467,10.04923,1.0,0.0,-66.06959,-66.33003,5677.48743,5703.40218,6060.93099,5734.31084,5669.51028,5820.26471,5885.17203,-0.15398,-0.13831,5681.94181,5793.84967,63.55075,39.89022,47.77707,5598.64949,5705.14911,5811.64873,2.0,0.0,5670.58476,5709.69348,6061.40153,5706.29678,5667.30332,5848.92568,5907.63464,8.957,-44.309,-39.83,23.21014,23.99009,44.33959,-57.3141,-71.2374,4254388.54521,41.667,38.889,-1.0028,-1.23815,43.031,42.754,43.252,5603.8126,5716.7983,5829.784,-0.1009,-0.1335,122.52242,58.373,46.166,5783.46413,5556.66162,6354.67102,5523.21873
000905.SH,20230928,5687.6411,5704.6228,5677.531,5690.7697,5674.3451,16.4246,0.2895,79477338.0,101456952.32,-6427.62817,-11767.40943,57.86033,5682.65197,0.457,0.175,-0.464,5606.894,5714.329,5821.765,89.67417,142.24521,-8.04871,82.42931,-150.62098,-148.70752,25.56204,22.08441,21.77728,18.30603,0.0,2.0,-37.03979,-80.84799,5681.79948,5708.1726,6064.16672,5739.56792,5675.22382,5825.76239,5890.27515,-0.05341,-0.12897,5686.27974,5799.39116,68.95473,35.9468,46.94945,5602.88219,5710.13365,5817.38511,0.0,3.0,5675.24276,5714.32945,6062.68352,5710.28724,5675.45004,5853.98439,5911.49806,9.681,-45.428,-40.588,23.47163,24.30577,52.60337,-80.1562,-91.1511,4263391.52881,41.667,38.889,-1.38897,-1.58004,46.61,44.334,52.135,5603.8126,5716.7983,5829.784,-0.10435,-0.14053,142.33846,36.647,13.742,5787.04933,5560.10622,6357.42378,5525.61132
000905.SH,20230927,5642.3852,5701.5084,5641.8508,5674.3451,5646.6544,27.6907,0.4904,81086240.0,102149151.67,-9120.38705,-12722.38183,58.7939,5681.26415,0.285,-0.231,-0.672,5609.367,5716.761,5824.154,80.18839,121.29593,-50.90489,71.2386,-154.18204,-147.27708,27.39091,24.14752,23.53654,17.50331,0.0,1.0,-62.07733,-96.4314,5679.80609,5710.00448,6067.16589,5742.93332,5667.45089,5830.33842,5894.75842,-0.1006,-0.13647,5685.46338,5803.82468,50.33387,30.44548,37.07494,5602.55282,5712.1504,5821.74798,0.0,2.0,5676.37599,5716.76089,6063.75361,5716.40695,5659.67982,5858.94743,5915.51651,4.693,-46.638,-44.292,23.76439,24.61073,46.23241,-100.3854,-107.58803,4255443.79501,33.333,38.889,-1.73836,-1.85965,44.483,43.326,47.631,5603.8126,5716.7983,5829.784,-0.10825,-0.1478,124.48819,48.613,27.804,5773.58809,5547.17287,6358.52727,5526.57043
000905.SH,20230926,5661.0321,5682.2786,5646.6544,5646.6544,5666.6642,-20.0098,-0.3531,74309615.0,100424427.69,-9763.60241,-13433.19892,59.03692,5687.21974,-0.244,-0.864,-1.141,5613.386,5721.801,5830.217,70.82781,112.64437,-90.11838,79.92525,-156.45817,-145.69047,28.40883,25.3937,28.28441,14.62281,2.0,0.0,-95.65894,-103.62088,5681.01965,5713.7581,6070.32108,5747.66354,5664.00378,5835.62632,5899.71153,-0.15556,-0.10804,5687.48489,5809.10957,35.49582,27.13075,29.91911,5600.76578,5716.31696,5831.86814,2.0,0.0,5680.48121,5721.8013,6064.70882,5721.70263,5655.01204,5864.72203,5920.41617,1.044,-47.225,-46.703,24.12887,24.89545,39.36511,-61.9683,-101.3408,4247335.17101,33.333,41.667,-1.08552,-1.75222,40.84,41.616,39.654,5603.8126,5716.7983,5829.784,-0.10968,-0.15507,126.58541,74.285,60.978,5771.07861,5544.76181,6360.74035,5528.49395
000905.SH,20230925,5694.9025,5699.1544,5659.3191,5666.6642,5698.8168,-32.1526,-0.5642,93340719.0,114172282.95,-11150.15549,-14023.43891,65.42795,5690.20496,-0.106,-0.603,-0.779,5623.379,5727.984,5832.59,69.86427,108.29603,-69.08978,81.11629,-151.13393,-143.88953,25.14455,23.36507,29.83541,14.33898,1.0,0.0,-81.09176,-102.22699,5688.65637,5720.82165,6073.72402,5754.62969,5672.67847,5842.03215,5905.3982,-0.16494,-0.07928,5694.90861,5815.74039,36.3441,25.73657,29.27241,5607.86765,5722.39989,5836.93213,1.0,0.0,5692.90836,5727.98436,6065.94022,5729.47342,5663.2613,5871.53209,5925.64316,2.147,-47.356,-46.282,24.53603,25.14618,38.81148,-36.0366,-94.2977,4254766.13251,41.667,45.833,-0.63192,-1.62854,42.696,42.504,43.659,5603.8126,5716.7983,5829.784,-0.10926,-0.16221,124.65497,66.923,51.791,5778.09519,5551.50323,6364.47454,5531.73955
